0 0
159 1
349 1
359 1
379 1
389 1
399 1
479 1
509 1
569 1
579 1
587 3
595 25
607 73
618 82
636 124
658 262
667 313
673 327
685 425
715 795
725 895
745 1155
765 1325
775 1445
794 1696
805 1835
825 2115
835 2205
846 2234
914 2236
934 2306
971 2639
980 2680
998 2682
1009 2691
1028 2742
1038 2812
1068 3162
1087 3323
1108 3542
1116 3604
1151 3939
1180 3990
1197 4143
1227 4433
1229 4451
1250 4480
1269 4641
1280 4750
1289 4781
1308 4812
1320 4880
1340 5080
1366 5244
1369 5291
1391 5529
1409 5541
1429 5681
1451 5879
1462 6008
1501 6549
1529 6591
1542 6688
1551 6829
1561 6979
1571 7139
1582 7258
1593 7347
1632 7368
1641 7459
1661 7709
1672 7808
1681 7839
1747 7853
1762 7948
1771 8069
1792 8348
1812 8638
1822 8698
1831 8799
1841 8949
1852 9108
1862 9208
1869 9211
1876 9234
1887 9353
1896 9474
1913 9607
1921 9679
1942 9818
1944 9826
1964 10046
1974 10296
1994 10366
2003 10437
2044 10896
2053 10967
2097 11033
2108 11122
2117 11213
2147 11543
2157 11663
2168 11732
2177 11813
2198 12022
2209 12161
2216 12174
2223 12217
2238 12362
2271 12729
2297 13023
2305 13105
2313 13147
2324 13236
2352 13278
2381 13589
2392 13668
2402 13758
2412 13828
2433 13917
2450 13930
2480 14010
2520 14020
2541 14109
2547 14113
2586 14154
2619 14181
2650 14280
2691 14289
2702 14338
2712 14398
2746 14654
2756 14734
2767 14853
2776 14994
2787 15173
2797 15313
2807 15393
2816 15534
2827 15703
2837 15793
2846 15944
2856 15994
2897 16033
2916 16294
2927 16473
2946 16824
2967 17213
2976 17354
2986 17414
3026 17434
3046 17574
3124 17636
3137 17723
3156 17894
3165 17905
3177 17983
3187 18103
3196 18234
3206 18324
3232 18618
3236 18664
3246 18784
3256 18854
3287 19113
3295 19125
3398 19142
3407 19173
3417 19263
3427 19433
3436 19614
3457 19893
3466 20044
3476 20124
3484 20126
3513 20127
3537 20163
3547 20273
3552 20308
3554 20406
3563 20437
3568 20452
3595 20455
3616 20464
3638 20632
3650 20660
3660 20750
3670 20890
3679 20971
3686 20974
3719 21031
3739 21251
3760 21490
3768 21522
3826 21534
3840 21610
3854 21736
3874 21756
3883 21787
3921 21789
3944 21806
3974 21946
3990 22050
4005 22185
4033 22237
4036 22244
4045 22295
4055 22365
4065 22445
4077 22503
4084 22506
4112 22508
4125 22535
4138 22602
4162 22778
4180 22830
4191 22909
4201 23039
4220 23310
4230 23330
4278 23332
4330 23370
4336 23414
4360 23710
4370 23840
4379 23981
4389 24131
4399 24231
4429 24281
4440 24400
4450 24530
4463 24567
4483 24567
4511 24569
4560 24620
4570 24740
4579 24791
4601 24799
4630 24830
4639 24951
4650 25120
4663 25237
4684 25506
4695 25525
4731 25529
4743 25577
4754 25666
4767 25803
4800 26090
4805 26125
4812 26198
4816 26234
4829 26381
4835 26455
4839 26491
4850 26530
4859 26601
4880 26810
4890 26880
4908 26882
4928 26902
4939 26961
4949 27041
4960 27140
4970 27240
4989 27491
5000 27570
5009 27611
5018 27622
5063 27737
5071 27779
5083 27877
5093 27997
5122 28378
5132 28468
5153 28487
5162 28518
5172 28588
5197 28843
5215 28985
5230 29090
5238 29102
5259 29181
5269 29241
5336 29294
5343 29317
5355 29405
5389 29691
5393 29717
5398 29772
5408 29882
5420 29910
5446 29924
5456 30014
5465 30125
5476 30214
5496 30234
5507 30273
5531 30409
5535 30435
5544 30526
5565 30765
5574 30846
5587 30903
5615 30915
5644 31016
5662 31018
5681 31019
5691 31019
5725 31025
5734 31056
5747 31173
5778 31502
5788 31582
5797 31633
5807 31703
5829 31941
5839 31951
5858 31952
5878 31952
5890 31980
5891 32039
5902 32158
5932 32638
5941 32819
5951 33029
5971 33439
5982 33548
6002 34038
6012 34228
6032 34708
6042 34898
6051 35129
6061 35279
6072 35518
6102 36218
6112 36388
6132 36868
6142 37058
6151 37189
6162 37358
6172 37528
6182 37728
6191 37939
6202 38098
6222 38528
6231 38649
6242 38868
6251 38909
6261 39119
6271 39259
6291 39579
6326 39854
6335 39975
6345 40135
6355 40295
6365 40375
6366 40414
6369 40441
6400 40760
6409 40821
6419 40871
6428 40882
6466 40884
6530 40890
6539 40921
6559 41121
6570 41260
6589 41521
6599 41571
6616 41604
6653 41607
6683 41607
6693 41607
6713 41607
6729 41611
6739 41651
6754 41796
6762 41888
6773 41937
6781 41939
6790 41960
6802 42008
6883 42017
6896 42074
6906 42144
6912 42158
6937 42173
6945 42175
6954 42206
6965 42315
6985 42355
7005 42495
7034 42656
7048 42702
7073 42757
7082 42828
7092 42858
7102 42928
7122 42988
7132 43058
7152 43418
7162 43508
7192 43828
7223 44077
7233 44197
7242 44328
7252 44418
7265 44425
7285 44425
7305 44425
7323 44427
7333 44487
7352 44558
7372 44818
7391 45139
7393 45347
7413 45427
7425 45565
7434 45596
7444 45706
7454 45846
7465 45935
7494 45946
7504 45966
7513 46077
7524 46256
7534 46436
7548 46472
7558 46472
7578 46472
7588 46472
7598 46472
7598 46472
7632 46478
7632 46478
7655 46495
7655 46495
7663 46597
7683 46867
7693 46867
7709 46871
7724 46956
7754 47336
7774 47626
7794 47876
7803 48007
7814 48166
7823 48277
7842 48418
7865 48475
7873 48497
7883 48557
7894 48646
7904 48746
7923 48977
7934 49076
7962 49188
7973 49257
7983 49357
7993 49477
8003 49557
8022 49648
8046 49784
8073 49877
8105 49925
8105 49925
8176 50174
8203 50227
8227 50283
8234 50326
8244 50426
8255 50545
8263 50607
8330 50860
8330 50860
8362 50988
8362 50988
8387 51043
8393 51047
8424 51176
8475 51285
8484 51326
8494 51426
8504 51586
8525 51915
8535 52085
8544 52256
8554 52466
8575 52885
8595 53225
8614 53516
8635 53775
8662 53978
8671 54149
8681 54339
8688 54462
8716 55074
8730 55350
8750 55680
8784 56286
8789 56371
8799 56541
8809 56711
8820 56900
8830 57020
8838 57042
8885 57045
8909 57051
8920 57130
8925 57175
8934 57326
8944 57416
8965 57735
8984 57886
8995 57905
9024 58046
9034 58116
9044 58246
9054 58386
9065 58555
9075 58645
9084 58676
9094 58736
9106 58754
9155 58755
9163 58757
9175 58775
9184 58806
9207 58833
9265 58845
9275 58865
9303 58987
9390 58990
9435 59005
9445 59045
9465 59175
9475 59285
9495 59405
9504 59546
9514 59596
9549 59601
9560 59650
9567 59653
9579 59681
9599 59871
9608 59982
9631 60279
9638 60332
9660 60340
9679 60371
9681 60389
9694 60536
9704 60666
9714 60706
9724 60766
9734 60906
9739 60991
9768 61512
9779 61651
9792 61848
9804 61936
9811 61939
9823 61967
9826 61984
9844 62126
9890 62220
9900 62320
9909 62441
9929 62731
9950 62990
9961 63069
10019 63131
10031 63179
10080 63180
10100 63190
10102 63198
10105 63255
10117 63383
10123 63417
10133 63437
10232 63438
10235 63445
10246 63564
10265 63885
10276 63914
10285 63985
10296 64144
10306 64304
10316 64424
10333 64587
10354 64726
10362 64758
10390 64770
10413 64777
10422 64818
10432 64918
10442 65048
10452 65098
10473 65137
10503 65407
10505 65455
10507 65463
10516 65564
10527 65633
10547 65663
10557 65703
10566 65784
10590 65820
10596 65854
10605 65965
10615 66145
10625 66325
10636 66464
10639 66481
10642 66508
10653 66627
10677 66923
10690 67030
10700 67150
10711 67289
10715 67325
10735 67555
10744 67686
10765 67985
10774 68066
10815 68615
10824 68676
10846 68914
10878 68962
10897 69143
10916 69264
10953 69527
10982 69818
11021 70219
11046 70514
11056 70614
11067 70663
11117 70663
11144 70666
11150 70680
11162 70828
11165 70835
11165 70845
11176 71014
11196 71394
11205 71535
11215 71695
11228 71722
11263 71737
11275 71845
11295 72155
11305 72305
11324 72616
11346 72914
11356 73014
11378 73302
11398 73622
11408 73702
11417 73873
11441 74079
11468 74082
11555 74115
11567 74203
11578 74362
11618 75152
11627 75343
11637 75543
11648 75722
11657 75793
11740 75810
11778 75812
11796 75844
11798 75872
11812 75898
11839 75911
11848 76002
11869 76301
11878 76342
11919 76351
11929 76441
11939 76611
11948 76792
11964 76946
11984 76966
11984 76966
12004 76966
12014 76966
12028 76992
12038 76992
12048 76992
12058 76992
12058 76992
12066 76994
12084 77016
12093 77047
12103 77187
12113 77347
12123 77537
12124 77566
12154 78006
12164 78086
12195 78105
12203 78157
12213 78297
12222 78458
12233 78597
12243 78677
12252 78818
12273 79137
12282 79288
12292 79388
12308 79432
12314 79466
12325 79555
12345 79575
12354 79646
12374 79926
12384 80076
12394 80236
12410 80380
12427 80433
12444 80436
12453 80497
12462 80518
12484 80536
12490 80580
12501 80679
12550 81400
12552 81448
12554 81466
12565 81585
12585 81865
12587 81903
12599 82011
12610 82140
12631 82439
12641 82579
12659 82631
12671 82749
12680 82880
12700 83170
12711 83259
12719 83301
12734 83446
12758 83482
12774 83656
12779 83691
12788 83722
12796 83804
12806 83864
12831 84159
12839 84241
12849 84361
12854 84436
12865 84605
12884 84746
12904 84926
12914 85046
12925 85205
12934 85276
12945 85295
12951 85319
12955 85345
12966 85464
12995 85515
13020 85710
13049 85721
13055 85725
13064 85796
13074 85886
13089 85901
13156 85904
13163 85907
13185 85935
13192 85978
13201 86059
13212 86188
13232 86338
13242 86458
13251 86609
13257 86703
13271 86869
13315 86985
13331 86999
13333 87007
13354 87206
13363 87257
13394 87276
13401 87299
13411 87399
13420 87540
13429 87611
13440 87790
13458 88082
13467 88123
13487 88273
13564 88296
13577 88343
13597 88483
13607 88573
13617 88613
13627 88723
13638 88872
13662 88918
13730 88920
13738 88932
13747 89003
13757 89043
13821 89049
13860 89060
13874 89066
13900 89070
13998 89072
14041 89129
14091 89129
14141 89129
14171 89129
14188 89132
14208 89222
14217 89323
14238 89472
14258 89542
14259 89571
14261 89579
14271 89659
14292 89898
14302 89988
14314 90066
14329 90081
14349 90081
14357 90093
14369 90131
14392 90278
14412 90458
14436 90564
14454 90566
14473 90567
14503 90567
14525 90605
14535 90725
14545 90865
14555 90935
14568 90942
14582 91008
14600 91070
14610 91150
14619 91181
14628 91182
14638 91182
14658 91182
14678 91182
14698 91182
14728 91192
14739 91231
14750 91350
14769 91601
14780 91710
14800 91860
14818 91952
14836 92084
14859 92141
14866 92174
14882 92318
14902 92458
14933 92747
14941 92819
14960 93020
14970 93070
14990 93090
15001 93139
15010 93210
15022 93258
15035 93265
15084 93266
15091 93269
15100 93300
15135 93605
15149 93771
15160 93850
15173 93897
15189 93901
15189 93901
15212 94038
15212 94038
15238 94092
15261 94319
15279 94341
15289 94441
15298 94582
15308 94652
15318 94792
15338 95132
15349 95271
15359 95341
15368 95472
15378 95522
15392 95528
15412 95528
15439 95531
15447 95573
15463 95717
15470 95770
15489 95821
15501 95879
15519 96021
15519 96021
15526 96094
15526 96094
15553 96227
15564 96286
15587 96333
15611 96489
15643 96617
15651 96669
15671 96749
15681 96809
15702 96968
15716 97044
15735 97045
15742 97048
15758 97072
15768 97152
15789 97341
15802 97428
15829 97481
15838 97502
15857 97573
15884 97706
15899 97761
15915 97915
15924 97946
15945 97955
15964 98026
15974 98076
15982 98078
16066 98084
16104 98126
16124 98176
16145 98195
16153 98237
16163 98337
16173 98457
16179 98491
16181 98529
16190 98600
16210 98710
16219 98791
16262 98908
16280 99000
16292 99018
16328 99022
16338 99022
16390 99060
16401 99139
16411 99229
16431 99459
16443 99757
16451 99759
16470 99910
16479 100011
16493 100047
16500 100050
16509 100081
16518 100122
16523 100157
16533 100247
16546 100294
16572 100318
16582 100368
16603 100537
16612 100568
16622 100628
16634 100766
16644 100896
16647 100903
16650 100930
16661 101069
16681 101479
16690 101590
16730 101640
16737 101673
16739 101691
16774 101976
16787 102093
16799 102131
16832 102138
16847 102143
16856 102164
16866 102214
16877 102283
16884 102356
16907 102493
16926 102664
16946 102714
16967 102853
16985 102955
17002 102978
17011 102979
17018 102982
17020 102990
17033 103097
17044 103246
17054 103336
17061 103339
17074 103396
17084 103546
17094 103736
17103 103927
17114 104146
17123 104347
17133 104467
17138 104472
17209 104481
17209 104481
17229 104481
17239 104481
17264 104556
17274 104726
17284 104846
17293 105027
17304 105176
17323 105377
17333 105527
17344 105566
17391 106159
17394 106186
17404 106206
17408 106242
17408 106242
17418 106242
17418 106242
17425 106245
17444 106346
17454 106436
17474 106726
17484 106896
17495 107075
17535 107785
17575 108545
17584 108656
17594 108716
17604 108816
17616 108884
17636 109024
17647 109033
17661 109089
17670 109360
17709 109401
17711 109409
17731 109539
17736 109644
17741 109659
17775 109785
17808 109832
17818 109832
17828 109832
17843 109857
17848 109882
17857 109993
17865 110025
17899 110071
17917 110083
17924 110136
17933 110277
17944 110486
17954 110716
17967 110943
17987 111243
17996 111394
18019 111691
18038 112022
18048 112142
18059 112161
18102 112168
18140 112190
18150 112280
18169 112541
18180 112560
18199 112641
18207 112703
18220 112830
18221 112899
18233 112997
18254 113016
18264 113116
18273 113267
18285 113345
18302 113368
18313 113457
18322 113568
18343 113867
18352 113888
18367 113893
18387 113893
18405 113895
18411 113899
18423 113967
18432 114038
18442 114158
18453 114307
18463 114467
18498 115072
18502 115138
18514 115216
18545 115345
18572 115438
18593 115627
18613 115757
18622 115878
18653 116317
18663 116477
18683 116827
18715 117435
18732 117758
18743 117967
18752 118188
18762 118428
18772 118658
18793 119017
18824 119626
18832 119778
18842 119968
18852 120158
18873 120557
18883 120707
18902 120928
18911 120979
18924 120986
18943 120987
18962 121018
18971 121109
18982 121248
18992 121338
19001 121489
19011 121609
19021 121659
19032 121678
19041 121729
19051 121809
19076 121934
19086 122014
19106 122234
19118 122332
19153 122357
19166 122434
19196 122724
19208 122812
19216 122824
19266 122834
19274 122846
19296 122944
19320 122960
19323 122967
19344 123116
19354 123236
19363 123287
19374 123296
19377 123333
19391 123389
19408 123392
19427 123413
19442 123538
19450 123550
19471 123649
19492 123858
19501 123979
19511 124129
19531 124439
19551 124669
19561 124799
19572 124978
19601 125379
19611 125409
19629 125411
19672 125418
19682 125508
19701 125759
19712 125928
19722 126038
19731 126209
19741 126279
19755 126285
19785 126285
19792 126288
19801 126319
19812 126448
19822 126598
19859 127201
19871 127289
19880 127300
19896 127304
19916 127304
19926 127304
19936 127304
19936 127304
19954 127476
19975 127495
19990 127500
19995 127525
20026 127734
20059 128021
20067 128063
20077 128243
20086 128334
20094 128356
20122 128368
20122 128368
20164 128406
20174 128466
20184 128546
20195 128655
20201 128669
20210 128800
20221 128909
20231 128909
20231 128909
20240 129040
20245 129075
20245 129075
20252 129158
20268 129262
20285 129295
20310 129310
20312 129318
20322 129408
20331 129509
20341 129619
20351 129749
20398 129862
20398 129862
20435 129905
20441 129929
20455 129945
20464 129946
20523 129967
20545 129985
20555 129985
20565 129985
20575 129985
20575 129985
20620 130020
20620 130020
20630 130020
20640 130020
20660 130020
20683 130037
20714 130086
20723 130087
20733 130087
20743 130087
20753 130087
20763 130087
20772 130088
20780 130090
20820 130090
20830 130090
20840 130090
20850 130090
20860 130110
20870 130150
20891 130289
20900 130350
20921 130429
20933 130567
20955 130585
20955 130585
20984 130586
21007 130603
21025 130605
21047 130643
21066 130854
21076 130874
21087 130923
21097 131003
21116 131074
21127 131143
21161 131399
21183 131437
21201 131499
21216 131624
21242 131628
21269 131661
21271 131679
21281 131799
21319 131851
21328 131932
21343 131937
21362 131938
21392 131968
21413 132237
21424 132256
21462 132258
21483 132277
21493 132357
21513 132707
21523 132837
21533 133007
21545 133085
21552 133088
21574 133166
21612 133208
21612 133208
21622 133208
21636 133234
21644 133276
21664 133316
21684 133376
21703 133377
21723 133377
21743 133377
21783 133397
21792 133418
21813 133537
21831 133549
21851 133629
21872 133808
21882 133948
21891 134009
21902 134158
21908 134212
21910 134270
21920 134390
21931 134429
21941 134519
21966 134874
21975 135055
21985 135255
21995 135465
22005 135685
22026 136124
22036 136274
22046 136374
22056 136574
22065 136775
22075 136985
22085 137185
22096 137404
22106 137454
22116 137594
22136 137954
22146 138104
22175 138585
22187 138723
22208 139172
22228 139552
22240 139780
22249 139971
22258 140102
22268 140172
22279 140281
22283 140317
22293 140437
22298 140462
22334 140586
22349 140671
22369 140841
22378 140892
22388 140942
22398 140952
22419 141011
22438 141082
22467 141133
22482 141158
22516 141284
22516 141284
22563 141397
22563 141397
22599 141521
22615 141585
22665 141695
22665 141695
22708 141812
22715 141865
22737 142173
22748 142262
22779 142451
22799 142631
22809 142671
22819 142761
22829 142821
22840 142870
22897 142913
22909 142951
22919 143051
22928 143102
22948 143242
22975 143375
22999 143471
23037 143503
23058 143572
23085 143705
23108 143792
23129 143891
23138 143952
23159 144131
23179 144211
23188 144292
23198 144412
23208 144542
23228 144842
23259 145211
23268 145332
23298 145732
23319 145911
23328 146002
23349 146111
23379 146211
23389 146271
23427 146553
23439 146581
23477 146863
23477 146863
23510 146990
23519 147001
23549 147121
23560 147190
23569 147281
23579 147391
23591 147539
23621 147989
23641 148229
23672 148678
23709 149281
23720 149400
23725 149425
23771 149699
23780 149750
23817 149893
23852 150018
23871 150069
23888 150142
23911 150279
23920 150360
23940 150590
23950 150650
23971 150809
24000 151100
24031 151389
24040 151470
24061 151719
24101 152239
24137 152843
24143 152957
24154 153146
24173 153497
24183 153677
24194 153866
24203 154057
24213 154257
24234 154616
24243 154747
24254 154916
24268 155092
24287 155393
24293 155507
24553 156087
24572 156398
24584 156546
24592 156658
24603 156807
24609 156881
24618 156902
24628 156902
24647 156903
24658 156912
24757 156913
24766 156914
24797 156923
24801 156929
24831 156979
24831 156979
24856 156994
24865 156995
24875 156995
24885 156995
24896 157044
24906 157224
24916 157224
25016 157224
25136 157224
25186 157224
25236 157224
25296 157224
25326 157224
25396 157224
25426 157224
25456 157224
25486 157224
25566 157224
25576 157224
25586 157224
25616 157224
25636 157224
25666 157224
25696 157224
25746 157224
25786 157224
25796 157224
25846 157224
25946 157224
26006 157224
26036 157224
26106 157224
26146 157224
26156 157224
26176 157224
26186 157224
26206 157224
26246 157224
26296 157224
26326 157224
26376 157224
26456 157224
26486 157224
26626 157224
26756 157224
26846 157224
26936 157224
26946 157224
27016 157224
27046 157224
27086 157224
27134 157226
27137 157233
27156 157374
27159 157381
27170 157720
27173 157737
27182 157808
27188 157872
27192 157948
27208 158122
27218 158272
27266 158464
27304 158506
27446 158804
27466 158994
27476 159054
27491 159309
27501 159499
27511 159699
27521 159899
27532 160098
27541 160289
27543 160327
27554 160526
27573 160907
27605 161445
27609 161521
27620 161720
27630 161930
27639 162131
27659 162491
27670 162710
27679 162931
27689 163151
27700 163350
27711 163429
27752 163458
27790 163580
27811 163619
27849 163741
27858 163772
27881 163789
27950 163800
27960 163850
27982 164018
28011 164149
28022 164178
28110 164200
28120 164270
28129 164361
28139 164491
28149 164571
28170 164600
28200 164760
28229 164861
28266 164864
28339 164911
28361 165049
28370 165130
28380 165250
28400 165580
28409 165691
28430 165960
28440 166130
28450 166320
28460 166470
28468 166502
28512 166508
28528 166522
28539 166621
28549 166791
28559 166891
28574 166976
28598 166992
28604 166996
28614 167046
28625 167175
28634 167336
28645 167445
28665 167695
28675 167795
28684 167906
28695 167985
28695 167985
28702 167988
28712 167988
28722 167988
28722 167988
28732 167988
28732 167988
28732 167988
28742 167988
28752 167988
28762 167988
28772 167988
28782 167988
28792 167988
28802 167988
28822 167988
28822 167988
28902 168168
28920 168170
28941 168299
28948 168302
28981 168309
28981 168309
29017 168313
29017 168313
29037 168313
29052 168318
29063 168387
29066 168394
29075 168495
29086 168664
29096 168844
29106 168984
29132 169278
29163 169567
29165 169585
29176 169724
29186 169824
29200 169830
29240 169830
29240 169830
29272 169838
29286 169844
29295 169895
29313 170037
29325 170085
29353 170097
29365 170155
29385 170275
29413 170477
29435 170495
29455 170615
29464 170726
29474 170876
29488 170982
29498 170982
29508 170982
29518 170982
29537 170983
29555 170995
29564 171066
29574 171156
29584 171216
29595 171295
29610 171440
29623 171487
29630 171490
29643 171567
29660 171710
29669 171921
29679 172001
29689 172041
29700 172120
29704 172246
29707 172263
29717 172353
29728 172382
29748 172402
29756 172424
29763 172457
29774 172566
29794 172836
29803 172917
29833 172967
29864 173246
29895 173275
29901 173319
29909 173411
29931 173469
29939 173481
29947 173533
29956 173634
29987 173663
29997 173743
30007 173843
30017 173883
30073 173897
30085 173945
30089 173971
30099 174091
30119 174451
30128 174492
30146 174494
30166 174494
30199 174521
30208 174612
30218 174792
30229 174991
30244 175126
30246 175194
30252 175238
30263 175357
30272 175498
30283 175617
30293 175787
30301 175879
30315 175945
30325 175985
30342 175988
30351 176039
30361 176149
30382 176228
30391 176349
30412 176648
30421 176749
30431 176779
30442 176898
30454 176996
30502 177038
30511 177149
30521 177229
30531 177249
30541 177349
30551 177479
30560 177540
30582 177598
30591 177619
30601 177689
30622 177928
30631 177999
30652 178088
30661 178149
30687 178453
30714 178746
30732 178908
30741 178959
30765 179015
30771 179039
30815 179055
30826 179144
30847 179383
30855 179395
30916 179404
30926 179474
30956 179764
30973 179877
31014 179886
31019 179931
31028 180032
31058 180402
31080 180700
31089 180781
31094 180796
31104 180886
31114 180906
31117 180923
31126 181044
31137 181223
31146 181404
31157 181543
31166 181714
31176 181904
31186 182084
31196 182204
31207 182293
31217 182423
31227 182583
31237 182703
31247 182723
31262 182868
31272 182938
31281 182939
31313 182977
31316 182994
31330 183140
31341 183209
31355 183275
31373 183427
31385 183435
31403 183487
31407 183513
31417 183623
31426 183734
31431 183769
31440 183790
31444 183816
31450 183870
31451 183889
31461 184019
31471 184179
31481 184359
31496 184634
31518 184772
31528 184842
31532 184878
31537 185023
31546 185084
31559 185131
31581 185139
31620 185140
31628 185142
31638 185142
31648 185142
31658 185142
31668 185142
31678 185142
31687 185143
31695 185155
31711 185319
31717 185353
31727 185463
31737 185493
31748 185502
31758 185552
31778 185842
31787 186003
31797 186083
31818 186102
31827 186133
31837 186203
31858 186432
31868 186502
31908 186552
31921 186629
31923 186647
31926 186694
31955 186915
31974 186916
31984 186926
32001 186929
32021 186949
32024 186966
32043 187157
32049 187231
32051 187239
32058 187292
32068 187332
32086 187354
32100 187450
32102 187468
32122 187708
32136 187734
32146 187784
32152 187788
32176 187854
32205 187865
32242 187868
32259 187881
32263 187907
32273 188027
32294 188326
32316 188494
32321 188499
32383 188507
32430 188540
32457 188543
32485 188555
32516 188604
32530 188610
32558 188612
32565 188615
32574 188636
32603 188797
32623 188847
32633 188897
32644 188966
32664 189146
32684 189156
32693 189237
32703 189367
32713 189457
32722 189518
32733 189617
32745 189685
32773 189697
32781 189729
32791 189819
32799 189861
32832 189908
32841 189939
32851 190049
32861 190189
32870 190260
32881 190289
32890 190360
32910 190580
32920 190620
32939 190761
32969 190811
32987 190933
33006 191034
33040 191110
33050 191150
33059 191201
33070 191290
33087 191303
33099 191361
33109 191421
33117 191443
33152 191488
33169 191551
33192 191688
33206 191774
33212 191828
33222 191928
33233 192107
33243 192307
33252 192328
33264 192406
33274 192446
33279 192521
33299 192661
33313 192717
33332 192828
33381 192859
33381 192859
33408 192992
33416 193004
33426 193004
33436 193004
33446 193004
33466 193004
33506 193004
33536 193004
33565 193005
33595 193015
33621 193159
33657 193443
33657 193443
33668 193512
33681 193639
33692 193798
33701 193829
33732 194188
33742 194258
33761 194329
33772 194398
33782 194478
33790 194560
33815 194695
33831 194759
33856 194894
33867 194963
33903 195247
33921 195359
33940 195390
34064 195906
34091 196049
34101 196109
34121 196269
34131 196369
34142 196508
34152 196698
34171 197109
34182 197278
34192 197458
34230 198220
34240 198330
34251 198459
34261 198519
34261 198529
34380 198880
34400 199120
34406 199194
34431 199489
34438 199562
34474 200006
34494 200296
34514 200516
34534 200826
34543 200927
34614 200956
34643 201157
34654 201206
34663 201277
34693 201597
34707 201653
34774 201666
34784 201706
34794 201786
34803 201917
34814 202006
34824 202066
34842 202108
34865 202365
34880 202380
34919 202381
34939 202381
34949 202381
34959 202381
34969 202381
34979 202381
34989 202381
35009 202381
35038 202382
35049 202431
35071 202489
35080 202540
35101 202749
35115 202775
35117 202813
35154 203096
35177 203293
35186 203384
35199 203431
35273 203437
35287 203463
35292 203508
35303 203637
35313 203727
35322 203778
35381 203799
35392 203928
35403 204067
35432 204528
35453 204767
35463 204827
35473 204947
35492 205238
35503 205267
35512 205368
35522 205408
35573 205477
35583 205577
35583 205587
35748 205822
35758 206032
35777 206243
35796 206274
35807 206363
35818 206502
35848 206952
35878 207332
35887 207463
35907 207753
35917 207863
35938 208102
35977 208143
35981 208159
35992 208228
36021 208519
36032 208558
36050 208560
36059 208571
36078 208642
36084 208676
36097 208743
36102 208788
36113 208837
36121 208839
36132 208878
36150 209010
36158 209082
36170 209240
36179 209361
36189 209521
36201 209749
36210 209900
36219 209961
36224 210026
36262 210628
36287 211023
36296 211184
36307 211373
36340 211980
36346 212094
36356 212274
36367 212473
36426 213604
36437 213643
36455 213905
36494 214506
36503 214657
36513 214787
36523 214967
36542 215358
36552 215488
36564 215536
36593 215557
36603 215627
36613 215717
36633 216007
36652 216378
36662 216508
36673 216587
36681 216739
36693 216897
36703 217067
36713 217187
36743 217267
36792 217878
36813 217897
36821 217939
36850 218200
36859 218231
36870 218290
36881 218399
36891 218529
36903 218607
36931 218619
36940 218640
36950 218720
36961 218839
36970 218910
36990 218950
37000 218990
37009 219051
37041 219099
37057 219173
37063 219177
37085 219265
37094 219396
37106 219494
37165 219515
37175 219605
37194 219826
37204 219956
37225 220255
37235 220405
37255 220635
37259 220661
37267 220733
37267 220733
37297 221023
37314 221196
37375 221225
37378 221242
37388 221332
37409 221611
37419 221701
37436 221714
37467 221783
37471 221799
37481 221879
37500 221990
37510 222070
37540 222360
37579 222421
37590 222510
37609 222571
37629 222711
37636 222784
37655 223005
37675 223245
37689 223271
37717 223273
37748 223302
37772 223308
37796 223364
37803 223397
37810 223470
37835 223765
37843 223847
37853 223897
37872 223938
37883 223977
37893 224027
37902 224088
37922 224248
37934 224306
37950 224330
37962 224378
37972 224468
37992 224748
38002 224838
38011 224939
38022 225078
38032 225238
38068 225842
38082 226058
38102 226248
38131 226649
38165 227255
38182 227518
38193 227607
38261 227649
38272 227748
38282 227888
38311 228369
38332 228458
38341 228569
38361 228839
38383 229137
38395 229155
38445 229155
38472 229158
38481 229179
38502 229258
38512 229388
38522 229478
38532 229598
38542 229728
38554 229906
38689 232551
38700 232650
38710 232800
38719 232981
38728 233022
38750 233390
38759 233411
38772 233468
38800 233470
38810 233490
38841 233779
38850 233860
38867 233873
38880 233950
38901 234199
38910 234230
38930 234470
38937 234493
38941 234529
38951 234659
38960 234810
38971 234889
38980 234900
38991 234969
39011 235219
39031 235579
39041 235689
39051 235859
39060 236020
39064 236056
39090 236350
39103 236427
39144 236436
39164 236446
39173 236507
39193 236767
39200 236810
39257 236873
39269 237001
39287 237303
39300 237450
39309 237571
39319 237601
39326 237604
39336 237604
39346 237604
39356 237604
39366 237604
39396 237634
39405 237665
39415 237745
39424 237846
39447 238143
39455 238215
39468 238242
39490 238370
39495 238375
39544 238386
39568 238532
39598 238822
39613 238967
39632 239188
39640 239230
39650 239320
39669 239571
39680 239730
39689 239751
39737 239753
39754 239786
39764 239876
39784 240066
39802 240088
39815 240145
39833 240327
39843 240387
39855 240515
39859 240531
39910 240540
39920 240590
39929 240681
39941 240729
39949 240741
39965 240835
39988 240862
40000 240920
40021 241129
40026 241154
40048 241352
40059 241391
40066 241434
40089 241631
40108 241732
40139 242061
40160 242100
40176 242164
40197 242373
40216 242424
40250 242710
40263 242827
40272 242978
40283 243157
40292 243278
40302 243338
40313 243347
40369 243351
40383 243417
40393 243527
40412 243808
40430 243950
40438 243962
40487 243973
40497 244003
40501 244029
40512 244138
40521 244279
40541 244589
40551 244699
40581 244929
40591 245019
40610 245260
40634 245556
40641 245609
40651 245639
40666 245764
40678 245912
40688 245972
40697 246083
40707 246153
40717 246653
40726 246664
40736 246664
40746 246664
40756 246664
40763 246667
40772 246748
40780 246760
40797 246763
40816 246764
40833 246767
40835 246775
40865 247065
40877 247173
40891 247319
40901 247449
40911 247539
40945 247585
40949 247591
41002 247598
41014 247606
41025 247655
41034 247806
41045 247865
41064 248136
41073 248217
41075 248255
41084 248346
41115 248705
41122 248748
41131 248829
41151 249049
41162 249058
41165 249075
41185 249255
41193 249297
41212 249538
41224 249606
41243 249617
41253 249657
41263 249767
41274 249806
41282 249808
41298 249862
41302 249898
41313 250017
41322 250078
41349 250091
41363 250197
41382 250528
41392 250718
41412 251088
41423 251157
41433 251157
41443 251157
41453 251157
41473 251157
41483 251157
41503 251157
41523 251157
41533 251217
41543 251347
41562 251648
41573 251817
41609 252441
41609 252451
41616 252514
41631 252529
41651 252529
41681 252529
41688 252532
41696 252544
41707 252613
41716 252754
41737 253083
41746 253184
41756 253254
41766 253274
41777 253313
41789 253391
41798 253482
41809 253641
41813 253727
41816 253754
41826 253944
41836 254074
41854 254096
41897 254113
41907 254173
41916 254254
41928 254382
41955 254415
41977 254603
41987 254643
41996 254744
42006 254894
42016 255064
42026 255244
42036 255334
42137 255383
42169 255671
42201 255679
42220 255690
42229 255791
42240 255970
42251 256059
42290 256100
42299 256221
42310 256290
42329 256331
42343 256427
42363 256647
42373 256717
42403 256787
42412 256868
42426 257044
42447 257343
42447 257343
42454 257416
42474 257546
42492 257618
42504 257676
42513 257687
42519 257741
42529 257871
42540 257950
42549 257981
42588 258002
42606 258094
42635 258555
42646 258594
42666 258604
42676 258704
42686 258864
42696 259044
42705 259175
42709 259201
42710 259230
42730 259380
42741 259509
42750 259660
42763 259817
42783 260007
42793 260137
42807 260263
42810 260320
42819 260421
42829 260541
42849 260741
42870 261000
42880 261090
42890 261140
42898 261152
42919 261291
42939 261441
42950 261490
42960 261550
42969 261681
42979 261841
42989 261951
43001 261989
43058 262052
43069 262181
43089 262301
43099 262381
43110 262500
43130 262810
43150 263170
43159 263271
43240 263330
43260 263570
43270 263640
43289 263851
43299 263991
43310 264050
43390 264060
43399 264161
43419 264441
43429 264501
43469 264621
43481 264649
43512 264998
43530 265250
43536 265334
43569 265621
43583 265717
43603 265947
43613 266077
43642 266488
43652 266568
43661 266579
43682 266638
43692 266748
43703 266887
43723 267187
43732 267278
43756 267334
43785 267445
43794 267516
43799 267551
43828 267822
43849 267841
43858 267892
43878 268092
43890 268180
43892 268238
43902 268348
43923 268407
43936 268484
43947 268573
43976 268854
43986 268874
44024 268896
44051 269189
44057 269263
44077 269563
44087 269633
44097 269743
44107 269863
44118 270012
44127 270153
44139 270241
44146 270244
44221 270249
44255 270275
44262 270298
44283 270467
44298 270612
44309 270691
44319 270721
44338 270892
44354 271056
44374 271196
44383 271277
44404 271406
44454 271996
44476 272274
44497 272353
44502 272388
44505 272415
44535 272765
44545 272915
44556 272974
44596 272984
44607 273043
44617 273123
44638 273322
44651 273419
44681 273709
44696 273864
44718 273982
44782 274028
44805 274335
44814 274426
44854 274476
44863 274527
44873 274597
44894 274806
44914 274936
44923 275007
44954 275286
44964 275386
44994 275726
45004 275806
45024 275916
45030 275960
45039 275971
45060 275990
45068 276032
45073 276067
45084 276206
45093 276397
45103 276507
45125 276525
45154 276586
45173 276837
45206 276884
45206 276884
45235 276895
45253 276897
45262 277008
45282 277278
45306 277304
45338 277312
45343 277317
45352 277378
45372 277618
45383 277747
45392 277898
45404 278026
45425 278045
45432 278118
45450 278260
45463 278347
45486 278674
45507 278723
45516 278794
45527 278943
45537 279103
45567 279613
45597 279983
45610 280020
45635 280025
45644 280056
45663 280187
45680 280350
45706 280654
45728 280792
45736 280804
45774 280806
45790 280810
45818 281042
45838 281062
45846 281104
45866 281284
45875 281305
45885 281315
45895 281315
45905 281315
45943 281327
45957 281423
45976 281584
45993 281597
46002 281898
46031 281899
46041 281899
46041 281899
46056 282184
46066 282184
46076 282184
46116 282184
46126 282184
46129 282201
46149 282371
46161 282379
46181 282379
46199 282381
46214 282416
46215 282425
46226 282544
46246 282824
46280 283110
46296 283224
46306 283314
46315 283345
46336 283374
46345 283435
46366 283604
46392 283868
46412 284148
46431 284339
46443 284417
46456 284424
46500 284430
46512 284508
46532 284728
46553 285027
46566 285174
46573 285257
46593 285497
46610 285580
46626 285704
46665 285725
46676 285814
46686 285864
46696 286014
46705 286085
46715 286205
46742 286228
46753 286267
46756 286294
46766 286314
46777 286393
46796 286554
46806 286654
46816 286684
46826 286794
46842 286908
46867 286963
46871 286979
46882 287048
46891 287129
46901 287229
46921 287319
46933 287437
46944 287466
46970 287480
46980 287560
47007 287853
47021 287959
47029 288031
47033 288107
47043 288137
47072 288378
47083 288387
47121 288389
47133 288407
47148 288492
47159 288591
47168 288602
47178 288682
47187 288703
47199 288821
47205 288895
47213 288927
47219 289001
47229 289061
47255 289105
47275 289235
47283 289257
47293 289347
47304 289416
47314 289516
47324 289576
47353 289587
47364 289596
47385 289745
47405 289775
47418 289842
47438 289982
47454 290116
47476 290164
47486 290164
47496 290164
47506 290164
47515 290165
47530 290230
47549 290251
47559 290551
47574 290616
47587 290653
47604 290656
47616 290664
47625 290705
47634 290786
47644 290896
47655 290945
47685 291025
47694 291106
47724 291426
47733 291497
47746 291524
47776 291524
47786 291524
47806 291524
47839 291531
47866 291584
47878 291722
47887 291803
47908 291812
47917 291853
47947 292243
47957 292403
47968 292462
48007 293063
48058 293942
48067 294093
48077 294203
48087 294233
48134 294236
48168 294262
48187 294453
48199 294461
48353 294507
48377 294703
48395 294705
48405 294705
48455 294705
48467 294723
48477 294833
48485 294945
48521 295549
48546 295964
48645 296305
48664 296556
48675 296575
48693 296577
48704 296636
48725 296855
48737 296913
48765 296915
48770 296930
48773 296957
48784 297086
48794 297226
48803 297307
48832 297598
48836 297634
48845 297665
48853 297667
48863 297667
48873 297667
48883 297667
48903 297667
48923 297667
48931 297679
48937 297703
48959 297931
48980 298070
48997 298213
49007 298313
49017 298363
49026 298374
49073 298377
49185 298415
49207 298613
49226 298634
49236 298724
49266 299074
49275 299105
49277 299123
49375 300965
49385 301025
49395 301155
49405 301215
49417 301233
49437 301233
49445 301235
49455 301305
49465 301385
49476 301474
49506 301784
49516 301914
49525 302045
49536 302064
49574 302586
49618 303182
49628 303312
49646 303454
49656 303574
49676 303754
49685 303865
49700 303910
49720 303910
49777 303983
49787 304073
49806 304284
49823 304427
49835 304495
49845 304585
49865 304845
49875 304975
49895 305275
49904 305326
49914 305426
49925 305485
49934 305586
49955 305895
49984 305936
49994 306006
50004 306086
50014 306216
50025 306355
50034 306446
50045 306475
50065 306755
50074 306916
50084 307006
50094 307026
50134 307026
50174 307026
50184 307056
50194 307176
50204 307236
50325 307265
50360 307290
50364 307316
50375 307425
50395 307735
50405 307905
50415 308085
50425 308285
50435 308385
50455 308775
50465 309005
50474 309116
50485 309205
50494 309436
50504 309596
50525 309975
50534 310156
50544 310286
50565 310615
50588 310872
50598 310892
50607 311013
50618 311102
50637 311323
50647 311453
50668 311752
50677 311893
50698 312122
50707 312263
50717 312433
50730 312530
50738 312532
50788 312532
50797 312583
50808 312712
50818 312862
50828 313032
50868 313582
50877 313693
50887 313813
50904 313876
50914 313986
50935 314295
50946 314414
50954 314436
50985 314445
50993 314517
51019 314811
51034 314906
51063 315197
51068 315242
51092 315278
51101 315399
51114 315476
51121 315479
51151 315479
51161 315479
51172 315498
51174 315536
51178 315562
51217 315923
51230 315950
51279 315951
51323 315967
51339 315991
51341 316009
51351 316119
51371 316419
51391 316529
51402 316558
51412 316688
51432 316948
51458 317322
51487 317613
51501 317719
51521 317879
51531 317989
51541 318129
51552 318298
51567 318573
51586 318874
51596 318914
51617 319203
51636 319564
51646 319754
51656 319914
51707 320723
51736 321214
51746 321284
51807 321333
51817 321473
51853 322077
51857 322123
51867 322193
51876 322304
51887 322443
51906 322744
51917 322873
51936 322944
51967 322983
51977 323083
51996 323304
52006 323344
52043 323357
52050 323370
52051 323419
52053 323427
52064 323536
52073 323577
52083 323587
52089 323621
52101 323729
52127 324023
52135 324115
52149 324211
52161 324339
52180 324610
52195 324685
52205 324685
52215 324685
52225 324685
52235 324685
52245 324685
52255 324685
52267 324723
52278 324822
52296 325024
52331 325309
52342 325318
52355 325365
52381 325659
52398 325802
52405 325855
52415 325975
52417 326023
52419 326041
52430 326170
52439 326321
52449 326381
52490 326410
52499 326531
52509 326691
52520 326880
52555 327485
52569 327661
52580 327800
52600 328110
52609 328271
52619 328441
52630 328590
52639 328631
52656 328634
52669 328681
52680 328830
52710 329340
52730 329570
52760 330020
52779 330231
52790 330360
52800 330510
52810 330680
52820 330880
52830 331100
52840 331140
52849 331331
52860 331420
52872 331468
52888 331472
52900 331520
52909 331641
52920 331800
52939 332131
52950 332280
52961 332369
52967 332373
52995 332375
53008 332382
53011 332469
53018 332502
53044 332656
53055 332805
53073 332977
53076 333034
53079 333061
53089 333201
53099 333361
53104 333406
53107 333453
53116 333524
53133 333557
53152 333558
53162 333558
53172 333558
53192 333558
53232 333558
53252 333558
53262 333558
53272 333558
53282 333558
53289 333571
53289 333571
53304 333636
53304 333636
53322 333778
53328 333812
53338 333912
53347 334023
53359 334101
53388 334112
53392 334128
53404 334226
53413 334277
53422 334298
53434 334356
53453 334587
53463 334607
53473 334677
53485 334785
53493 334797
53542 334798
53560 334840
53574 335006
53594 335336
53603 335537
53613 335757
53623 335997
53633 336227
53644 336466
53664 336936
53683 337347
53694 337526
53703 337617
53720 337910
53725 338005
53748 338342
53779 338811
53788 338962
53819 339571
53830 339800
53833 339867
53844 339976
53853 340147
53883 340757
53884 340766
53894 340966
53914 341306
53923 341487
53933 341627
53943 341777
53953 341877
53963 342007
53984 342316
53991 342369
53993 342397
54004 342536
54014 342706
54023 342877
54035 342985
54042 342988
54092 342988
54112 343038
54124 343186
54143 343487
54154 343606
54165 343665
54234 343676
54244 343766
54264 344086
54273 344187
54284 344256
54303 344257
54324 344276
54333 344397
54353 344727
54370 344870
54393 345097
54403 345157
54414 345176
54422 345178
54482 345178
54682 345178
54775 345178
