1429457643 347.385
1429457664 356.385
1429457667 373.385
1429457685 505.385
1429457699 551.385
1429457711 659.385
1429457730 870.385
1429457739 891.385
1429457752 988.385
1429457762 1068.38
1429457773 1077.38
1429457820 1080.38
1429457836 1124.38
1429457839 1161.38
1429457849 1291.38
1429457859 1451.38
1429457869 1621.38
1429457879 1821.38
1429457889 2041.38
1429457899 2281.38
1429457909 2511.38
1429457919 2751.38
1429457929 2991.38
1429457939 3221.38
1429457949 3431.38
1429457959 3631.38
1429457978 3952.38
1429457990 4150.38
1429457996 4244.38
1429458001 4329.38
1429458007 4433.38
1429458009 4461.38
1429458014 4546.38
1429458024 4736.38
1429458034 4906.38
1429458045 5065.38
1429458054 5196.38
1429458064 5366.38
1429458074 5566.38
1429458084 5776.38
1429458094 5956.38
1429458096 5994.38
1429458106 6194.38
1429458109 6261.38
1429458119 6481.38
1429458129 6691.38
1429458139 6901.38
1429458149 7101.38
1429458159 7291.38
1429458169 7491.38
1429458179 7671.38
1429458189 7831.38
1429458199 8011.38
1429458209 8191.38
1429458224 8396.38
1429458229 8441.38
1429458239 8571.38
1429458260 8880.38
1429458267 8943.38
1429458269 8971.38
1429458279 9101.38
1429458289 9271.38
1429458302 9478.38
1429458315 9545.38
1429458324 9546.38
1429458370 9550.38
1429458389 9601.38
1429458400 9760.38
1429458421 10079.4
1429458431 10179.4
1429458444 10226.4
1429458508 10232.4
1429458520 10340.4
1429458529 10481.4
1429458542 10678.4
1429458555 10795.4
1429458565 10815.4
1429458581 10819.4
1429458599 10841.4
1429458609 10961.4
1429458619 11141.4
1429458631 11319.4
1429458641 11399.4
1429458648 11462.4
1429458671 11689.4
1429458678 11732.1
