1429457643 347.385
1429457659 351.385
1429457666 364.385
1429457685 505.385
1429457694 536.385
1429457699 551.385
1429457707 623.385
1429457711 659.385
1429457723 807.385
1429457726 844.385
1429457742 908.385
1429457751 979.385
1429457758 1052.38
1429457773 1077.38
1429457813 1077.38
1429457830 1100.38
1429457834 1116.38
1429457836 1124.38
1429457847 1273.38
1429457849 1291.38
1429457858 1442.38
1429457859 1451.38
1429457868 1602.38
1429457872 1678.38
1429457875 1755.38
1429457877 1793.38
1429457878 1812.38
1429457879 1821.38
1429457886 1974.38
1429457887 2013.38
1429457888 2032.38
1429457889 2041.38
1429457941 3269.38
1429457956 3574.38
1429457973 3877.38
1429457978 3952.38
1429457987 4103.38
1429457991 4179.38
1429457994 4216.38
1429458012 4518.38
1429458013 4537.38
1429458014 4546.38
1429458030 4850.38
1429458040 5000.38
1429458043 5037.38
1429458053 5187.38
1429458054 5196.38
1429458062 5348.38
1429458065 5385.38
1429458080 5690.38
1429458096 5994.38
1429458103 6147.38
1429458105 6185.38
1429458106 6194.38
1429458107 6233.38
1429458108 6252.38
1429458109 6261.38
1429458138 6872.38
1429458138 6892.38
1429458139 6901.38
1429458147 7053.38
1429458148 7092.38
1429458149 7101.38
1429458157 7253.38
1429458159 7291.38
1429458174 7596.38
1429458179 7671.38
1429458188 7822.38
1429458189 7831.38
1429458206 8134.38
1429458215 8285.38
1429458228 8432.38
1429458229 8441.38
1429458240 8590.38
1429458261 8889.38
1429458265 8925.38
1429458267 8943.38
1429458268 8962.38
1429458269 8971.38
1429458275 9045.38
1429458278 9082.38
1429458287 9233.38
1429458295 9385.38
1429458308 9532.38
1429458315 9545.38
1429458324 9546.38
1429458364 9546.38
1429458378 9572.38
1429458389 9601.38
1429458399 9751.38
1429458419 10051.4
1429458425 10125.4
1429458434 10196.4
1429458437 10213.4
1429458444 10226.4
1429458480 10230.4
1429458499 10231.4
1429458509 10241.4
1429458517 10313.4
1429458519 10331.4
1429458538 10632.4
1429458553 10777.4
1429458558 10812.4
1429458587 10823.4
1429458598 10832.4
1429458600 10850.4
1429458606 10924.4
1429458611 10999.4
1429458615 11075.4
1429458617 11113.4
1429458618 11132.4
1429458619 11141.4
1429458628 11292.4
1429458637 11363.4
1429458652 11508.4
1429458666 11654.4
1429458676 11724.4
1035 11384.7
