1429409917 39.0827
1429409997 63.5759
1429409999 94.9986
1429410009 140.539
1429410019 241.09
1429410029 314.056
1429410038 392.022
1429410049 453.381
1429410139 464.707
1429410149 555.415
1429410158 674.182
1429410169 841.907
1429410178 947.552
1429410188 973.33
1429410209 1019.49
1429410218 1062.35
1429410229 1154.33
1429410239 1249.05
1429410249 1361.2
1429410259 1488.51
1429410269 1632.87
1429410278 1730.36
1429410289 1795.02
1429410299 1816.51
1429410329 1822.61
1429410338 1869.37
1429410349 1960.29
1429410359 2006.67
1429410368 2050.47
1429410379 2195.99
1429410389 2289.2
1429410400 2408.77
1429410410 2489
1429410420 2517.29
1429410431 2524.54
1429410437 2543.02
1429410446 2621.34
1429410457 2780.38
1429410459 2801.81
1429410468 2831.43
1429410554 2835.15
1429410563 2900.39
1429410573 3035.57
1429410584 3185.81
1429410595 3306.35
1429410605 3349.92
1429410614 3379.34
1429410624 3525.87
1429410635 3628.95
1429410646 3669.9
1429410656 3814.99
1429410667 3965.61
1429410677 4104.07
1429410686 4182.82
1429410697 4185.65
1429410707 4221.19
1429410716 4259.74
1429410727 4380.06
1429410737 4548.48
1429410748 4725.65
1429410758 4862.27
1429410769 4988.02
1429410779 5044.99
1429410788 5075.63
1429410799 5192.59
1429410848 5216.9
1429410859 5293.35
1429410869 5365.78
1429410879 5479.07
1429410885 5579.89
1429410895 5734.09
1429410900 5816.66
1429410902 5850.21
1429410913 6016.13
1429410919 6107.66
1429410929 6248.97
1429410938 6345.35
1429410949 6415.16
1429411017 6427.17
1429411022 6455.66
1429411032 6525.56
1429411112 6579.14
1429411122 6672.08
1429411132 6717.32
1429411162 6723.8
1429411166 6745.28
1429411168 6773.02
1429411178 6858.89
1429411188 6961.06
1429411198 7075.02
1429411208 7165.04
1429411218 7212.69
1429411228 7276.87
1429411238 7378.11
1429411248 7487.06
1429411253 7522.03
1429411255 7539
1429411265 7633.15
1429411275 7752.5
1429411285 7866.96
1429411295 7988.68
1429411305 8110.8
1429411315 8213.25
1429411365 8219.06
1429411371 8243.48
1429411374 8262.47
1429411384 8332.93
1429411394 8440.35
1429411404 8546.54
1429411414 8647.42
1429411424 8752.15
1429411434 8782.67
1429411454 8792.6
1429411464 8834.66
1429411474 8892.86
1429411484 8996.49
1429411494 9084.13
1429411495 9097
1429411497 9132.54
1429411505 9219.71
1429411515 9227.83
1429411555 9237.89
1429411557 9249.62
1429411567 9353.8
1429411577 9444.8
1429411587 9522.22
1429411597 9553.87
1429411618 9560.72
1429411627 9626.94
1429411637 9758.74
1429411639 9800.11
1429411641 9810.94
1429411650 9935.48
1429411660 10116.2
1429411670 10279.8
1429411690 10428.1
1429411700 10637.2
1429411710 10834.9
1429411720 11043.8
1429411730 11233.4
1429411740 11423.8
1429411750 11636.4
1429411760 11842
1429411770 12041.1
1429411780 12256.3
1429411790 12467.1
1429411800 12684.1
1429411810 12900.6
1429411820 13105.5
1429411830 13315.3
1429411840 13538.9
1429411850 13730
1429411860 13897.4
1429411870 14068.6
1429411880 14242.3
1429411890 14397.1
1429411900 14585.4
1429411910 14779.9
1429411920 14994.9
1429411930 15226.3
1429411940 15435.9
1429411950 15633.5
1429411960 15830.1
1429411970 16005.3
1429411980 16219.2
1429411990 16436.2
1429412000 16626.8
1429412010 16786.1
1429412020 16967.6
1429412030 17138.7
1429412040 17284.3
1429412050 17408.2
1429412060 17555.2
1429412067 17673.7
1429412070 17711.8
1429412073 17751.5
1429412076 17797.3
1429412079 17846.1
1429412082 17888.4
1429412085 17929.4
1429412094 18087.4
1429412104 18321.1
1429412114 18524.6
1429412124 18641.5
1429412134 18808.9
1429412144 18984.3
1429412154 19153.6
1429412164 19296.3
1429412174 19398.7
1429412184 19520.7
1429412194 19539.6
1429412264 19579.5
1429412274 19694.7
1429412284 19795.6
1429412294 19926
1429412304 20080.8
1429412314 20164.6
1429412324 20212.7
1429412326 20220.9
1429412336 20350.1
1429412346 20531.4
1429412356 20684.7
1429412366 20699.5
1429412376 20716
1429412378 20737
1429412381 20772
1429412391 20879.3
1429412401 20970.8
1429412411 21052.5
1429412421 21057.5
1429412431 21169
1429412441 21313.5
1429412451 21339.7
1429412471 21402.9
1429412481 21583.7
1429412491 21800.7
1429412501 22032.2
1429412511 22204.6
1429412521 22384.8
1429412531 22425.6
1429412541 22430.9
1429412551 22471.8
1429412555 22503.8
1429412562 22518.6
1429412572 22551.8
1429412582 22609.9
1429412592 22671.2
1429412602 22785
1429412612 22855.8
1429412622 22922.4
1429412632 23017.7
1429412641 23079.5
1429412651 23084.6
1429412671 23089.8
1429412691 23093.8
1429412701 23119.9
1429412811 23124.3
1429412821 23150.9
1429412824 23174.7
1429412834 23242.4
1429412844 23315.8
1429412854 23400.7
1429412864 23407.9
1429412872 23428.6
1429412882 23510.1
1429412892 23515
1429412902 23521.4
1429412912 23528.9
1429412922 23589.5
1429412932 23631
1429412936 23640.3
1429412941 23665.2
1429412942 23680.2
1429412946 23711.2
1429412948 23724.4
1429412958 23851
1429412968 23999.7
1429412978 24121.1
1429412988 24235.4
1429412999 24373
1429413003 24419.6
1429413009 24482.6
1429413013 24524.3
1429413023 24676.2
1429413033 24878.5
1429413043 24968.9
1429413053 25197.8
1429413063 25441.2
1429413073 25704.5
1429413083 25969.5
1429413093 26037.4
1429413103 26289.4
1429413123 26763.7
1429413133 26936.4
1429413143 27097.5
1429413153 27142.1
1429413163 27338.5
1429413173 27548.5
1429413181 27620.5
1429413187 27730
1429413197 27933.7
1429413207 28161.1
1429413217 28403.7
1429413227 28649.6
1429413237 28875.1
1429413247 29100.6
1429413257 29335.7
1429413267 29582.2
1429413277 29801.8
1429413287 29985.8
1429413297 30119.8
1429413307 30231.2
1429413317 30333.7
1429413327 30453.5
1429413337 30535
1429413347 30630.1
1429413357 30770.6
1429413367 30920.9
1429413377 31075.4
1429413387 31250.3
1429413397 31385.5
1429413407 31509.5
1429413417 31628.5
1429413427 31764.5
1429413437 31911.4
1429413447 32050.3
1429413457 32230.1
1429413467 32444.7
1429413477 32574.9
1429413487 32679.6
1429413497 32769.8
1429413507 32841.4
1429413517 32895.1
1429413527 32998.5
1429413537 33057.8
1429413547 33092.2
1429413557 33140
1429413567 33194.1
1429413577 33254.1
1429413587 33297
1429413597 33366.7
1429413607 33441.3
1429413617 33564.4
1429413627 33698
1429413637 33767.7
1429413647 33782.2
1429413807 33805.7
1429413809 33813.6
1429413812 33821
1429413822 34403.2
1429413832 34542
1429413852 34755.6
1429413862 34896.4
1429413872 34983.8
1429413882 35027.3
1429413902 35061.1
1429413912 35206.3
1429413922 35322.1
1429413932 35493.5
1429413962 35560.3
1429413972 35718.1
1429413982 35845.5
1429413992 35977.8
1429414032 36053.3
1429414042 36227.1
1429414046 36303.3
1429414053 36329.4
1429414063 36431.7
1429414073 36574.1
1429414076 36613.6
1429414086 36729.6
1429414096 36812.2
1429414106 36878.7
1429414126 36884.3
1429414136 36902.9
1429414146 36992.1
1429414156 37114
1429414166 37198.2
1429414186 37220.2
1429414196 37310.6
1429414206 37430
1429414216 37560.3
1429414224 37649.8
1429414234 37767.7
1429414244 37874.3
1429414254 37980.5
1429414264 38125.2
1429414274 38256.2
1429414284 38424.4
1429414294 38610.4
1429414304 38804.9
1429414314 38858.6
1429414364 38944.9
1429414374 39074.5
1429414384 39088.6
1429414394 39146.1
1429414404 39246.1
1429414414 39395.8
1429414424 39564.4
1429414434 39727.8
1429414444 39743.3
1429414454 39856.2
1429414464 39870.7
1429414484 39908.5
1429414494 40027.7
1429414504 40097.6
1429414644 40150.9
1429414654 40168.5
1429414659 40183.4
1429414661 40190.3
1429414671 40239.7
1429414681 40327
1429414691 40447.2
1429414701 40601.7
1429414705 40661.8
1429414711 40709
1429414717 40794.1
1429414718 40803.5
1429414723 40867.3
1429414727 40915.6
1429414737 41023.9
1429414747 41109.6
1429414777 41118.7
1429414787 41216.8
1429414797 41233.7
1429414895 41238.2
1429414905 41320.6
1429414915 41336.5
1429415035 41356.2
1429415045 41418.8
1429415175 41493.2
1429415185 41541.3
1429415205 41577.9
1429415215 41587.4
1429415225 41632.1
1429415235 41674.4
1429415245 41728.1
1429415255 41775.2
1429415265 41779.8
1429415285 41799.1
1429415295 41869
1429415305 41943.5
1429415315 41986.3
1429415335 41997.7
1429415345 42073.9
1429415355 42130.5
1429415365 42168.9
1429415375 42256.3
1429415385 42335.6
1429415395 42377.4
1429415405 42412.6
1429415415 42454.1
1429415425 42504.4
1429415435 42540.8
1429415445 42543.4
1429415455 42594.4
1429415465 42674.1
1429415475 42731.7
1429415485 42775.9
1429415495 42847.2
1429415505 42943.1
1429415515 43088.8
1429415525 43169.2
1429415535 43355.3
1429415545 43393.3
1429415645 43442.6
1429415655 43520
1429415665 43552.3
1429415675 43727.6
1429415685 43976.8
1429415695 44207.9
1429415705 44359.1
1429415715 44517.2
1429415725 44525.4
1429415735 44538.4
1429415745 44641.4
1429415755 44735.5
1429415764 44776.2
1429415768 44784.5
1429415778 44866.1
1429415788 44972.3
1429415798 45156.6
1429415808 45346.4
1429415818 45515.5
1429415828 45692.9
1429415838 45728.2
1429415857 45748.9
1429415858 45754.4
1429415868 45838
1429415869 45847.5
1429415879 45955.7
1429415889 46122.4
1429415899 46319.3
1429415909 46509.5
1429415919 46610.2
1429415929 46783.2
1429415939 46897.2
1429415949 46901.2
1429415959 46906.4
1429415979 46914.8
1429415989 47020.8
1429415999 47148
1429416009 47304.4
1429416019 47549.4
1429416029 47756.6
1429416039 47784.9
1429416129 47794.3
1429416139 47911.6
1429416149 48122.3
1429416159 48252.6
1429416169 48373.6
1429416178 48510.6
1429416188 48669.7
1429416198 48756.6
1429416208 48819.2
1429416249 48828.1
1429416255 48857.2
1429416265 48914.7
1429416325 48915.8
1429416355 48929.7
1429416365 48993.2
1429416375 49089.9
1429416385 49116.3
1429416395 49133
1429416435 49143.5
1429416445 49192
1429416450 49212.2
1429416457 49226
1429416467 49267.7
1429416469 49283.9
1429416472 49305.2
1429416475 49313.4
1429416485 49390.7
1429416495 49554.1
1429416502 49574.9
1429416512 49706.7
1429416522 49871.6
1429416532 49932.2
1429416534 49938.6
1429416539 49979.8
1429416540 49985.9
1429416541 49988.7
1429416545 50017.1
1429416553 50055.5
1429416554 50057
1429416557 50057
1429416565 50057
1429416567 50057
1429416577 50057
1429416589 50057
1429416597 50060.1
1429416598 50064.2
1429416601 50073.5
1429416602 50073.5
1429416603 50074.5
1429416613 50132.1
1429416620 50148.2
1429416624 50184
1429416634 50300.6
1429416644 50474.7
1429416654 50638
1429416664 50686.4
1429416674 50812.3
1429416684 50854.4
1429416734 50894.1
1429416744 50919.6
1429416750 50951
1429416756 51016.8
1429416758 51026.8
1429416768 51163.9
1429416778 51337.3
1429416788 51508.6
1429416798 51725.1
1429416808 51906.5
1429416818 52025.8
1429416828 52178.5
1429416838 52291.7
1429416848 52393.2
1429416858 52435
1429416868 52482.7
1429416878 52572.3
1429416888 52699.3
1429416898 52841
1429416908 52953.5
1429416918 53060.3
1429416928 53203.1
1429416938 53371.7
1429416948 53562.8
1429416958 53784.6
1429416968 53818.1
1429416978 53867.7
1429416988 54136.3
1429416998 54396
1429417008 54654.3
1429417014 54735
1429417016 54735
1429417018 54735
1429417028 54912.4
1429417038 55139.6
1429417048 55372.5
1429417058 55503.6
1429417068 55625.5
1429417078 55835.4
1429417088 55971.6
1429417098 56079.2
1429417108 56237
1429417118 56370.3
1429417122 56425.5
1429417132 56581.6
1429417142 56731.6
1429417152 56875.7
1429417162 57063.1
1429417164 57108.4
1429417174 57286.7
1429417184 57366.3
1429417194 57455.2
1429417204 57539.4
1429417214 57628.9
1429417224 57705.3
1429417234 57828.1
1429417236 57853.3
1429417246 58003.2
1429417252 58108.6
1429417258 58190.9
1429417268 58351.8
1429417275 58482.3
1429417285 58565
1429417335 58599
1429417345 58713
1429417355 58862.8
1429417365 58991.1
1429417375 59053.5
1429417385 59174.1
1429417395 59275.1
1429417405 59330.5
1429417407 59354
1429417409 59362.9
1429417415 59398.7
1429417417 59413.4
1429417427 59546.4
1429417437 59671.4
1429417447 59835.2
1429417457 59970.8
1429417467 60138.2
1429417469 60167.9
1429417488 60347.9
1429417494 60390.1
1429417504 60487.1
1429417514 60584.7
1429417524 60718.1
1429417534 60842.3
1429417538 60893
1429417539 60907.8
1429417540 60912.8
1429417549 60996.8
1429417559 61118.6
1429417569 61227.8
1429417576 61262
1429417578 61265.6
1429417588 61371.9
1429417598 61531.5
1429417603 61588.8
1429417604 61588.8
1429417614 61592.3
1429417643 61620.7
1429417648 61620.7
1429417658 61637.9
1429417678 61679.4
1429417682 61749.9
1429417692 61836.1
1429417702 61962.7
1429417712 62061.8
1429417713 62067.6
1429417723 62122.2
1429417733 62184.4
1429417743 62263.7
1429417749 62332.9
1429417759 62409
1429417769 62433.6
1429417795 62437.7
1429417805 62504.1
1429417806 62511
1429417816 62536.9
1429417826 62598
1429417836 62704.9
1429417846 62808.6
1429417849 62833.9
1429417859 62959.2
1429417869 63054.7
1429417879 63195.7
1429417885 63277.2
1429417891 63349.4
1429417901 63422.7
1429417991 63427.1
1429417993 63450
1429417996 63467.8
1429418006 63484.9
1429418026 63535.3
1429418036 63618.4
1429418037 63625.7
1429418039 63637.7
1429418049 63687.9
1429418052 63702.2
1429418055 63720.6
1429418065 63819.8
1429418072 63906
1429418074 63921.2
1429418084 63929.8
1429418104 63934.4
1429418114 63967.7
1429418124 64119.9
1429418126 64153.2
1429418136 64326.8
1429418146 64480.4
1429418156 64643.2
1429418166 64803.7
1429418167 64814.8
1429418169 64831.5
1429418170 64833.7
1429418180 64836
1429418188 64848.1
1429418191 64866.6
1429418192 64872.4
1429418202 64915.4
1429418212 65032.7
1429418222 65161.9
1429418224 65174.8
1429418234 65178.4
1429418244 65219.2
1429418254 65260
1429418256 65274
1429418266 65288.2
1429418276 65305.7
1429418286 65344.8
1429418292 65355.1
1429418302 65445.9
1429418312 65478.3
1429418392 65575
1429418402 65670.8
1429418412 65740.8
1429418414 65754.7
1429418416 65771.1
1429418426 65920.7
1429418436 65996.2
1429418446 66039.1
1429418506 66079.3
1429418516 66200.8
1429418526 66351.8
1429418536 66488.8
1429418546 66616
1429418556 66763.2
1429418566 66946.4
1429418576 67166.5
1429418586 67367.6
1429418595 67481.7
1429418605 67486
1429418623 67490.7
1429418633 67578.2
1429418653 67844.3
1429418663 67988.3
1429418673 68073.3
1429418683 68177.6
1429418693 68375.6
1429418703 68487
1429418713 68499
1429418723 68587.6
1429418730 68668.7
1429418731 68674
1429418741 68967.6
1429418746 68979.9
1429418747 68981
1429418749 68981.5
1429418752 68995.5
1429418755 69026.4
1429418756 69039.2
1429418757 69047.8
1429418762 69087
1429418763 69090.6
1429418765 69101.6
1429418775 69154.3
1429418782 69208.6
1429418787 69238.3
1429418789 69238.6
1429418799 69243.1
