1429457643 347.385
1429457663 350.969
1429457667 364.518
1429457669 386.018
1429457679 469.332
1429457689 523.465
1429457699 544.235
1429457709 631.388
1429457719 755.974
1429457729 866.362
1429457739 887.309
1429457749 956.422
1429457759 1062.56
1429457769 1077.32
1429457819 1077.32
1429457829 1096.24
1429457836 1120.79
1429457839 1161.24
1429457849 1285.14
1429457859 1444.81
1429457869 1613.83
1429457879 1819.78
1429457889 2040.4
1429457899 2277.85
1429457909 2505.51
1429457919 2742.07
1429457929 2983.79
1429457939 3214.5
1429457949 3430.74
1429457959 3626.11
1429457969 3803.15
1429457978 3947.01
1429457988 4115.22
1429457995 4226.61
1429458001 4324.22
1429458007 4426.7
1429458009 4460.44
1429458014 4546.13
1429458024 4732.87
1429458034 4904.03
1429458044 5048.66
1429458054 5195.37
1429458064 5365.25
1429458074 5565.61
1429458084 5770.56
1429458094 5954.13
1429458096 5991.71
1429458106 6192.25
1429458109 6256.94
1429458119 6475.66
1429458129 6687.48
1429458139 6892.57
1429458149 7091.42
1429458159 7291.16
1429458169 7489.93
1429458179 7665.82
1429458189 7828.5
1429458199 8009.88
1429458209 8185.77
1429458219 8336.39
1429458229 8439.79
1429458239 8568.65
1429458249 8724.45
1429458259 8870.88
1429458266 8926.9
1429458269 8968.04
1429458279 9094.54
1429458289 9263.47
1429458299 9436.95
1429458309 9542.38
1429458319 9546.2
1429458369 9546.2
1429458389 9599.22
1429458399 9742.09
1429458409 9904.92
1429458419 10048.3
1429458429 10162.4
1429458439 10223.8
1429458449 10226.7
1429458509 10232.1
1429458519 10323.1
1429458529 10480.8
1429458539 10642.6
1429458549 10748.1
1429458559 10814.7
1429458579 10816.7
1429458599 10831.8
1429458609 10960
1429458619 11139.2
1429458629 11295.5
1429458636 11350.1
1429458638 11365.8
1429458648 11461.3
1429458659 11578.7
1429458668 11669.4
1429458678 11732.1
