1429404275 371.019
1429404435 371.118
1429404625 371.118
1429404635 371.118
1429404652 371.118
1429404662 371.118
1429404672 371.118
1429404752 371.118
1429404782 371.118
1429404842 371.118
1429404852 371.118
1429404862 371.118
1429404872 397.974
1429404882 443.835
1429404892 450.192
1429404912 494.857
1429404922 563.895
1429404932 620.347
1429404942 682.698
1429404950 700.754
1429404960 794.723
1429404970 914.505
1429404980 1043.28
1429404990 1163.7
1429405000 1263.16
1429405010 1400.6
1429405020 1523.41
1429405030 1607.76
1429405040 1695.54
1429405050 1811.63
1429405060 1940.64
1429405070 2067.06
1429405080 2203.98
1429405090 2353.46
1429405100 2483.66
1429405110 2573.29
1429405120 2604.56
1429405190 2606.6
1429405200 2645.29
1429405210 2677.33
1429405216 2730.68
1429405226 2828.99
1429405236 2927.6
1429405246 3007
1429405256 3050.36
1429405276 3052.43
1429405286 3064.36
1429405296 3094.43
1429405303 3111.04
1429405313 3181.58
1429405333 3418.97
1429405343 3531.9
1429405353 3622.77
1429405363 3696.81
1429405373 3804.52
1429405383 3912.05
1429405392 3977.19
1429405395 4010.83
1429405405 4106.84
1429405415 4207.81
1429405425 4307.32
1429405435 4333.17
1429405455 4358.11
1429405465 4446.89
1429405475 4535.73
1429405485 4629.91
1429405495 4736.93
1429405505 4823.15
1429405515 4827.25
1429405525 4850.85
1429405535 4931.69
1429405545 5015.22
1429405555 5118.38
1429405565 5153.66
1429405585 5185.27
1429405595 5248.64
1429405605 5345.05
1429405615 5446.62
1429405625 5513.8
1429405635 5573.66
1429405642 5614.1
1429405644 5661.51
1429405654 5767.75
1429405664 5898.48
1429405674 5901.75
1429405684 5908.45
1429405694 5976.26
1429405704 6050.73
1429405714 6135.24
1429405723 6231.08
1429405727 6253.74
1429405737 6375.59
1429405747 6525.98
1429405757 6650.58
1429405767 6795.04
1429405777 6919.55
1429405787 6943.21
1429405807 6963.96
1429405817 7057.91
1429405827 7201.94
1429405837 7352.84
1429405847 7509.25
1429405857 7624.7
1429405867 7716.06
1429405877 7721.11
1429405907 7736.1
1429405917 7833.25
1429405927 7957.69
1429405937 8080.44
1429405947 8175.09
1429405957 8213.85
1429406027 8223.73
1429406037 8315.71
1429406047 8441.88
1429406057 8584.41
1429406067 8716.98
1429406077 8864.5
1429406087 9007.66
1429406097 9068.9
1429406107 9172.41
1429406117 9320.9
1429406127 9474.91
1429406137 9578.7
1429406147 9583.24
1429406152 9605.17
1429406162 9720.15
1429406172 9847.15
1429406182 9933.78
1429406188 9973.18
1429406198 10063.3
1429406200 10072.4
1429406208 10122.4
1429406212 10159.3
1429406220 10200.9
1429406230 10312.6
1429406240 10419
1429406250 10667.3
1429406269 10733.3
1429406279 10807.7
1429406289 10921.2
1429406299 11048.5
1429406309 11154.8
1429406319 11264.3
1429406329 11341.6
1429406339 11351
1429406373 11405.6
1429406383 11488.8
1429406393 11585.3
1429406413 11814.5
1429406423 11915.1
1429406433 12035.8
1429406443 12100.8
1429406453 12184.2
1429406463 12285.2
1429406473 12391.7
1429406483 12529.3
1429406493 12547.7
1429406498 12581.8
1429406500 12613.5
1429406501 12619.1
1429406511 12705.3
1429406521 12831.9
1429406531 12930.8
1429406541 13038.6
1429406551 13157
1429406561 13265
1429406571 13382.9
1429406581 13476.3
1429406584 13488.3
1429406588 13514.2
1429406598 13605.3
1429406608 13614.4
1429406627 13644.3
1429406637 13761.6
1429406647 13857
1429406657 13959.4
1429406667 14035.6
1429406677 14125.2
1429406687 14194.6
1429406697 14242.4
1429406707 14286.4
1429406717 14290.5
1429406727 14302.6
1429406737 14333.8
1429406747 14368.8
1429406757 14383.6
1429406797 14390.3
1429406807 14439.2
1429406817 14479.3
1429406837 14496
1429406847 14515
1429406857 14521.6
1429406897 14553.8
1429406907 14596.2
1429406917 14633.9
1429406927 14653.7
1429406967 14659.5
1429406977 14705
1429406987 14767.1
1429406997 14835.7
1429407007 14923.3
1429407017 14989.2
1429407022 15024.7
1429407032 15107.7
1429407042 15222.6
1429407052 15366.9
1429407062 15544
1429407072 15681.4
1429407082 15764
1429407092 15906.3
1429407102 16069.1
1429407112 16163.4
1429407122 16318.8
1429407132 16365.8
1429407142 16369.7
1429407172 16399.2
1429407192 16666.2
1429407202 16841.9
1429407212 17021.4
1429407222 17198.8
1429407232 17389.8
1429407242 17582
1429407252 17725.7
1429407262 17787.4
1429407302 17804.4
1429407312 17887.6
1429407322 17948.7
1429407332 17959.3
1429407402 18008.9
1429407412 18089.3
1429407422 18192.5
1429407432 18267.9
1429407442 18277.3
1429407452 18349.4
1429407462 18469.8
1429407472 18608.2
1429407482 18701.1
1429407492 18819
1429407502 18929.3
1429407512 19036.6
1429407522 19154.6
1429407532 19224.2
1429407552 19406.1
1429407562 19481.9
1429407572 19497.1
1429407672 19509.4
1429407682 19540.3
1429407692 19630.9
1429407702 19802.3
1429407712 19988.8
1429407722 20125.8
1429407732 20260
1429407742 20417.2
1429407752 20494.1
1429407762 20496.8
1429407792 20497.2
1429407812 20531.1
1429407822 20643
1429407827 20678.7
1429407830 20776.4
1429407833 20784.7
1429407836 20800
1429407844 20825.1
1429407874 20825.1
1429407894 20835.6
1429407904 20930.2
1429407914 21006.4
1429407924 21022.3
1429407925 21027.1
1429407935 21118.2
1429407945 21260.5
1429407955 21342.5
1429407965 21346
1429407995 21403
1429408005 21516
1429408015 21621.8
1429408025 21756.3
1429408035 21860.4
1429408045 21895.8
1429408105 21904.5
1429408115 21979
1429408125 22069.6
1429408129 22104.9
1429408139 22120.9
1429408149 22124.4
1429408159 22159.4
1429408179 22159.4
1429408189 22159.4
1429408199 22159.4
1429408219 22176.9
1429408229 22226.1
1429408239 22266.2
1429408249 22313.5
1429408265 22416.3
1429408275 22512.2
1429408281 22556.3
1429408291 22583.8
1429408301 22591.2
1429408311 22612.3
1429408321 22666.1
1429408331 22735.4
1429408341 22817.3
1429408351 22872
1429408361 22877.7
1429408391 22878.9
1429408401 22905.6
1429408402 22908.4
1429408407 22935.8
1429408417 22996.2
1429408427 23075.7
1429408437 23148.2
1429408447 23169.2
1429408456 23202.2
1429408466 23279.1
1429408476 23406.3
1429408486 23560.4
1429408496 23684.6
1429408506 23701.9
1429408556 23702.3
1429408576 23721.7
1429408606 23741
1429408611 23776
1429408615 23827.2
1429408625 23951.3
1429408635 24078.7
1429408645 24210
1429408655 24354.4
1429408665 24503.6
1429408675 24601.7
1429408685 24620.7
1429408705 24653.2
1429408715 24768.4
1429408725 24897.6
1429408735 24937.3
1429408755 24937.3
1429408785 24937.3
1429408835 24986.4
1429408845 25106.1
1429408855 25165.6
1429408875 25167.7
1429408905 25196.5
1429408915 25321.6
1429408925 25486.5
1429408935 25581
1429408939 25611.1
1429408949 25745.6
1429408959 25875.1
1429408969 25894.9
1429408989 25897.4
1429409009 25900.3
1429409019 25950.5
1429409029 26032.8
1429409039 26144.6
1429409049 26226.8
1429409059 26313.4
1429409069 26416.5
1429409079 26480
1429409083 26534.4
1429409085 26544.5
1429409087 26559.4
1429409092 26608.8
1429409093 26619.9
1429409097 26663.3
1429409107 26784.6
1429409109 26811.5
1429409111 26836.8
1429409112 26847.8
1429409113 26856.7
1429409118 26883.1
1429409125 26898.9
1429409135 26976
1429409145 27074.1
1429409155 27179
1429409165 27250.6
1429409185 27252.9
1429409205 27273.6
1429409215 27332.7
1429409225 27414.1
1429409235 27509.5
1429409245 27610
1429409255 27746.9
1429409265 27863
1429409275 27936.5
1429409285 27984.7
1429409295 27994.4
1429409298 28008.4
1429409308 28040.2
1429409318 28050.4
1429409328 28087.3
1429409338 28107.7
1429409346 28149.3
1429409356 28234.5
1429409358 28247.4
1429409368 28364
1429409378 28503.7
1429409388 28623.8
1429409398 28750
1429409408 28839
1429409418 28845
1429409428 28854
1429409438 28888.7
1429409448 28962.3
1429409458 29061.5
1429409468 29178.3
1429409478 29263.9
1429409482 29283.5
1429409484 29310
1429409494 29381.8
1429409504 29457.3
1429409514 29473.9
1429409524 29523.5
1429409534 29551.8
1429409544 29610.6
1429409554 29620.6
1429409614 29666.7
1429409618 29686.5
1429409628 29755
1429409638 29835.8
1429409648 29923
1429409658 30013.4
1429409668 30085.4
1429409672 30129.7
1429409674 30144.3
1429409684 30252.7
1429409694 30279.8
1429409721 30294.6
1429409731 30381.5
1429409741 30499.6
1429409751 30582.1
1429409761 30602.3
1429409771 30604.8
1429409781 30634.5
1429409785 30660.5
1429409790 30686.9
1429409800 30736.6
1429409810 30805.9
1429409820 30896.9
1429409830 31017.7
1429409840 31131.1
1429409850 31219.4
1429409860 31272.3
1429409870 31278.7
1429409890 31285
1429409900 31316.4
1429409910 31348
1429409920 31386.5
1429409940 31389
1429409960 31389
1429409970 31389
1429410004 31396.4
1429410010 31426.5
1429410013 31455.1
1429410023 31547
1429410033 31668.3
1429410043 31769.5
1429410053 31870.8
1429410063 31952.9
1429410073 32003.2
1429410083 32073.4
1429410093 32196.9
1429410103 32309.4
1429410113 32321.5
1429410133 32322.8
1429410153 32322.8
1429410163 32339.1
1429410165 32348.2
1429410167 32413
1429410177 32526.5
1429410187 32681
1429410197 32847.4
1429410207 33007.8
1429410217 33190.9
1429410227 33403.5
1429410237 33615.6
1429410247 33813
1429410257 33916.4
1429410267 34162.9
1429410277 34408.1
1429410287 34596.9
1429410297 34843.4
1429410307 35078.3
1429410317 35267.9
1429410327 35502.3
1429410337 35653.2
1429410347 35885
1429410357 36117.7
1429410367 36352.1
1429410377 36588.4
1429410387 36758.5
1429410397 36999.9
1429410407 37235.5
1429410417 37424.9
1429410427 37561.4
1429410437 37724.7
1429410447 37896.9
1429410457 38096.9
1429410467 38310.9
1429410477 38464.7
1429410487 38681.5
1429410497 38896.5
1429410507 39020.3
1429410517 39237.4
1429410527 39283.1
1429410537 39493.5
1429410547 39631
1429410557 39805.2
1429410567 39950.5
1429410577 40044.2
1429410581 40072
1429410591 40136.8
1429410601 40221.9
1429410611 40345.3
1429410621 40508.5
1429410631 40667
1429410640 40745.9
1429410642 40788.2
1429410645 40812.8
1429410655 40928.1
1429410665 41030.1
1429410675 41130.4
1429410685 41193.1
1429410695 41244.5
1429410705 41254.1
1429410745 41254.1
1429410805 41257.2
1429410815 41293.3
1429410825 41393.7
1429410835 41491.9
1429410845 41627.2
1429410855 41768.4
1429410865 41894.5
1429410875 41944.2
1429410885 41971.4
1429410895 41975.7
1429410914 41976.4
1429410925 41977.3
1429410955 41977.3
1429410965 41977.3
1429410985 41977.3
1429411004 41977.3
1429411015 42022.6
1429411017 42045
1429411027 42138.3
1429411037 42257.6
1429411047 42307.6
1429411057 42310
1429411067 42333.2
1429411078 42381.2
1429411108 42383.5
1429411128 42384.6
1429411158 42387
1429411168 42428.9
1429411172 42445
1429411182 42518.5
1429411191 42536.5
1429411200 42539.5
1429411210 42542.6
1429411220 42544.4
1429411230 42578.6
1429411241 42685.8
1429411251 42708.7
1429411260 42721.7
1429411270 42787.9
1429411280 42865.6
1429411290 42915.2
1429411300 42971.9
1429411310 43026.3
1429411320 43066
1429411330 43083.5
1429411340 43116.6
1429411348 43127.9
1429411358 43202.9
1429411368 43228
1429411378 43298.3
1429411388 43322.1
1429411398 43359
1429411408 43430.5
1429411418 43627.3
1429411428 43790.1
1429411438 43882.6
1429411448 43997.3
1429411458 44105.1
1429411468 44200
1429411478 44289.6
1429411488 44370.6
1429411498 44445.3
1429411508 44564.7
1429411518 44702.7
1429411528 44792.4
1429411538 44795.2
1429411558 44795.2
1429411578 44795.2
1429411598 44797.3
1429411608 44857
1429411617 44882
1429411627 44927.9
1429411637 45062.7
1429411647 45188.2
1429411657 45352
1429411666 45507.9
1429411669 45717.4
1429411679 45765.3
1429411689 45797.4
1429411699 45932.5
1429411709 45963.4
1429411719 46074.2
1429411729 46215.3
1429411739 46304.7
1429411749 46312.5
1429411759 46313.8
1429411769 46314.1
1429411779 46334.2
1429411789 46447.6
1429411799 46624.2
1429411809 46802.9
1429411819 46842.5
1429411829 46842.5
1429411849 46842.5
1429411859 46842.5
1429411869 46842.5
1429411879 46842.5
1429411889 46844.8
1429411899 46847
1429411909 46848.7
1429411919 46860.2
1429411929 46863
1429411931 46867.2
1429411939 46967.5
1429411949 47123.4
1429411959 47237.6
1429411969 47237.6
1429411979 47241.6
1429411985 47241.6
1429411989 47264
1429411999 47325.5
1429412009 47463.1
1429412019 47581.7
1429412029 47703.9
1429412039 47842.1
1429412049 47994.5
1429412059 48120.7
1429412069 48243.6
1429412079 48380.6
1429412089 48532.1
1429412099 48648.2
1429412109 48729.9
1429412119 48801.3
1429412129 48823.3
1429412139 48840
1429412149 48868.2
1429412159 48927.4
1429412169 49012.7
1429412179 49116.2
1429412189 49233.8
1429412199 49351
1429412209 49444.6
1429412219 49483.7
1429412229 49533.1
1429412239 49561.5
1429412249 49631.8
1429412259 49727.1
1429412269 49848.6
1429412279 49931.7
1429412289 49989.2
1429412299 50025.7
1429412309 50095.5
1429412319 50144
1429412329 50187.7
1429412339 50217.6
1429412350 50252.9
1429412360 50260.1
1429412370 50277.5
1429412380 50295.7
1429412390 50324.7
1429412400 50362.6
1429412410 50398.5
1429412420 50433.7
1429412430 50469.8
1429412440 50502.4
1429412450 50539.2
1429412460 50564
1429412470 50580.7
1429412480 50598.9
1429412490 50616.1
1429412500 50641.9
1429412510 50696.5
1429412520 50796.8
1429412530 50911.9
1429412540 50989.3
1429412550 51020.5
1429412560 51068.4
1429412570 51099.8
1429412580 51143.1
1429412590 51178.9
1429412600 51214.3
1429412610 51244.4
1429412620 51284
1429412630 51330.5
1429412640 51368.8
1429412650 51393.2
1429412660 51411.2
1429412670 51417.7
1429412680 51471.9
1429412690 51516.3
1429412700 51546.1
1429412710 51572.4
1429412720 51597.6
1429412730 51608.9
1429412740 51625.7
1429412750 51653.5
1429412760 51700.2
1429412770 51798.9
1429412780 51960.3
1429412790 52123.6
1429412800 52284.1
1429412810 52453
1429412820 52629
1429412830 52838.4
1429412840 53047.8
1429412850 53254
1429412860 53432.5
1429412870 53594.3
1429412880 53741.8
1429412890 53886.6
1429412900 54016.3
1429412910 54143.7
1429412920 54227.2
1429412929 54293.5
1429412937 54348.4
1429412947 54523.2
1429412957 54710.4
1429412967 54912.3
1429412974 55064.3
1429412975 55085.6
1429412985 55306.2
1429412995 55517.9
1429413005 55717.3
1429413015 55882.4
1429413025 56044.5
1429413035 56220.3
1429413045 56410.5
1429413055 56586.1
1429413065 56743.2
1429413075 56913
1429413085 57085.7
1429413095 57266.1
1429413105 57390.1
1429413115 57415.5
1429413145 57415.5
1429413165 57415.5
1429413185 57421.5
1429413195 57496.4
1429413199 57530.3
1429413200 57541.5
1429413210 57696.5
1429413220 57789.9
1429413230 57959.6
1429413240 58104.3
1429413250 58187.2
1429413260 58258.6
1429413270 58272.1
1429413280 58326
1429413290 58373.5
1429413300 58419.8
1429413310 58490.3
1429413320 58616.7
1429413330 58759.2
1429413340 58921.2
1429413350 59011.9
1429413360 59047.1
1429413370 59108.6
1429413380 59124.7
1429413430 59125.4
1429413440 59127.7
1429413450 59144.3
1429413460 59177.8
1429413470 59193.7
1429413480 59203.4
1429413540 59215.4
1429413550 59232.7
1429413560 59272.3
1429413570 59331.8
1429413580 59360.6
1429413670 59360.6
1429413710 59372.8
1429413720 59414.5
1429413730 59480.5
1429413740 59544
1429413750 59655.8
1429413760 59717.3
1429413770 59773.2
1429413780 59917.3
1429413790 59966.6
1429413824 59969.1
1429413834 60019.9
1429413844 60023.7
1429413854 60050.6
1429413864 60155.3
1429413874 60240.9
1429413884 60365.2
1429413894 60494.3
1429413904 60629.4
1429413914 60705.7
1429413934 60708.5
1429413954 60741
1429413957 60760
1429413959 60784.1
1429413969 60902.5
1429413979 61033.2
1429413989 61076.3
1429413999 61136.3
1429414009 61274
1429414014 61358
1429414024 61536.7
1429414034 61718.9
1429414044 61884
1429414054 62021.5
1429414064 62167.4
1429414068 62218.4
1429414078 62305.3
1429414088 62310.2
1429414098 62334
1429414104 62375.7
1429414106 62384.6
1429414116 62480.7
1429414125 62515.5
1429414165 62587.5
1429414175 62689.6
1429414185 62814.7
1429414195 62961.9
1429414205 63104.8
1429414215 63237
1429414225 63359.1
1429414235 63437.4
1429414245 63455.3
1429414295 63502.7
1429414305 63550
1429414355 63550
1429414375 63557.3
1429414378 63568.6
1429414380 63622.7
1429414393 63756.4
1429414397 63785.4
1429414407 63807.1
1429414507 63808.7
1429414511 63815.6
1429414521 63933
1429414531 64103.7
1429414541 64258.3
1429414551 64281
1429414561 64357.5
1429414571 64512.1
1429414581 64670.8
1429414591 64791.1
1429414601 64892.4
1429414611 64975.7
1429414621 65042.7
1429414623 65055
1429414628 65093.1
1429414638 65131.3
1429414648 65135.5
1429414658 65138.7
1429414668 65140.4
1429414688 65143.2
1429414698 65188.2
1429414708 65291.8
1429414718 65418.8
1429414728 65471.1
1429414748 65505
1429414758 65593.2
1429414768 65678.9
1429414778 65776.4
1429414780 65821.3
1429414782 65833.9
1429414792 65934.2
1429414802 66002.3
1429414812 66019.5
1429414822 66031.5
1429414832 66071.4
1429414842 66154.1
1429414852 66178.6
1429414868 66192.1
1429414871 66220.5
1429414881 66337.7
1429414891 66517.7
1429414901 66695.8
1429414911 66830.9
1429414915 66853.9
1429414918 66878.7
1429414928 66991.1
1429414934 67074.4
1429414936 67090
1429414946 67218.5
1429414956 67335.3
1429414966 67404.8
1429414976 67524.5
1429414986 67659.1
1429414990 67691.5
1429415000 67803.6
1429415010 67925.2
1429415020 68056.5
1429415030 68216
1429415040 68354.4
1429415050 68440.8
1429415060 68579.6
1429415070 68710.5
1429415080 68856.5
1429415090 68985.9
1429415100 69046.5
1429415102 69081.5
1429415112 69187.4
1429415122 69293.8
1429415132 69311.4
1429415152 69322.5
1429415162 69415.2
1429415172 69512.8
1429415182 69576.1
1429415192 69638.7
1429415202 69721.1
1429415212 69790.5
1429415225 69874.7
1429415227 69884.9
1429415237 69983.4
1429415247 70094.1
1429415256 70171.3
1429415261 70224.9
1429415271 70334.2
1429415281 70427.8
1429415291 70532.5
1429415301 70647.5
1429415311 70764.6
1429415321 70884.6
1429415331 70981.2
1429415341 71033.9
1429415391 71033.9
1429415421 71036.4
1429415425 71049.8
1429415427 71081.2
1429415429 71098.5
1429415438 71198.9
1429415440 71203.4
1429415441 71218.4
1429415451 71382.7
1429415461 71573.7
1429415471 71760.8
1429415481 71907.7
1429415491 72069.8
1429415501 72091.8
1429415541 72108.5
1429415551 72219
1429415561 72379.7
1429415571 72526.5
1429415581 72679.4
1429415591 72852
1429415601 73017.8
1429415611 73158.1
1429415621 73275.7
1429415631 73382.5
1429415638 73484.5
1429415653 73671.4
1429415663 73837.3
1429415673 73993
1429415683 74068.7
1429415693 74247
1429415713 74449.4
1429415743 74451.7
1429415833 74486.7
1429415843 74577.2
1429415853 74729.1
1429415863 74929.2
1429415873 75128.2
1429415893 75518.5
1429415903 75713.4
1429415913 75915.8
1429415923 76091.3
1429415933 76167.8
1429416013 76180.8
1429416053 76180.8
1429416073 76218
1429416074 76244.3
1429416075 76247.4
1429416077 76255.6
1429416084 76267.2
1429416114 76280.2
1429416124 76376.9
1429416134 76520.9
1429416144 76669.4
1429416154 76712.8
1429416174 76715.6
1429416194 76718.4
1429416204 76810.9
1429416214 76981.5
1429416224 77165.7
1429416234 77274.2
1429416240 77317.4
1429416242 77323.3
1429416252 77337
1429416262 77337
1429416282 77337
1429416292 77337
1429416302 77363
1429416312 77363
1429416322 77363
1429416329 77363
1429416331 77363
1429416341 77363
1429416361 77389
1429416366 77401.2
1429416368 77415.8
1429416378 77553.2
1429416388 77717.4
1429416398 77903.5
1429416400 77939.5
1429416410 78089.8
1429416420 78238
1429416430 78376.5
1429416440 78459.1
1429416450 78468.5
1429416460 78468.5
1429416470 78475.9
1429416475 78503
1429416478 78526.3
1429416488 78664.2
1429416498 78832.6
1429416508 78963.6
1429416518 79046.2
1429416528 79190.1
1429416538 79350.5
1429416548 79503.9
1429416558 79661.4
1429416568 79761.8
1429416578 79781.1
1429416583 79800.6
1429416590 79838.6
1429416600 79924.4
1429416610 79941.4
1429416620 79943.9
1429416630 80018.7
1429416640 80162.4
1429416650 80296.4
1429416660 80450
1429416670 80619.8
1429416680 80713
1429416685 80744.3
1429416688 80766.2
1429416698 80803.3
1429416719 80805.5
1429416729 80867.8
1429416739 80891.2
1429416759 80904
1429416763 80934.7
1429416766 80951
1429416776 81047.2
1429416786 81187.9
1429416796 81338.6
1429416806 81489.5
1429416816 81638
1429416826 81771.6
1429416828 81822.9
1429416830 81837
1429416840 81952.7
1429416850 82103
1429416860 82231.8
1429416863 82276.6
1429416875 82382.2
1429416885 82508.5
1429416888 82553.5
1429416896 82669.8
1429416906 82802.6
1429416916 82948.3
1429416926 82986.2
1429416936 83002.8
1429416946 83116
1429416956 83251.9
1429416966 83408
1429416976 83542.2
1429416986 83627.1
1429416992 83657.5
1429416994 83667
1429416995 83673.4
1429417005 83780.9
1429417008 83813.3
1429417018 83839.6
1429417028 83841.9
1429417033 83852.9
1429417036 83883.7
1429417046 83988.9
1429417050 84036.7
1429417053 84053.7
1429417054 84061.1
1429417064 84094.7
1429417070 84160.2
1429417071 84170.5
1429417081 84233.3
1429417091 84348.5
1429417094 84383.1
1429417104 84498.2
1429417114 84609.6
1429417124 84728.5
1429417127 84774.4
1429417130 84808.4
1429417140 84974.7
1429417150 85058.3
1429417160 85120
1429417170 85217.1
1429417180 85299.8
1429417190 85416
1429417200 85575.3
1429417210 85647.9
1429417220 85663.5
1429417227 85691.7
1429417230 85713.6
1429417231 85723.6
1429417241 85834.6
1429417251 85862.5
1429417271 85886.7
1429417281 85974.8
1429417291 86051.2
1429417296 86080.5
1429417297 86083.7
1429417300 86086.3
1429417330 86093.2
1429417340 86166.3
1429417350 86257
1429417360 86271.8
1429417430 86273.9
1429417440 86278.1
1429417460 86302.3
1429417463 86325.4
1429417467 86345.5
1429417477 86431.8
1429417487 86558.5
1429417497 86638.3
1429417507 86706.5
1429417517 86826.1
1429417527 86981.5
1429417533 87077.5
1429417543 87206.2
1429417548 87248.6
1429417558 87273.9
1429417578 87318
1429417588 87352.6
1429417608 87371.6
1429417609 87378.8
1429417619 87475.9
1429417629 87576.2
1429417639 87629.7
1429417649 87638.1
1429417669 87646.6
1429417676 87666.6
1429417686 87765.1
1429417696 87911.7
1429417704 87977.5
1429417706 88022.2
1429417716 88160.5
1429417726 88339.3
1429417733 88452.3
1429417743 88495.1
1429417753 88580.2
1429417763 88646.6
1429417783 88648.5
1429417843 88667.3
1429417853 88717.5
1429417863 88782.5
1429417873 88856.5
1429417883 88944
1429417893 88987.1
1429417903 89094
1429417913 89240.6
1429417933 89288.3
1429418003 89288.3
1429418013 89299.3
1429418023 89377.2
1429418033 89413.6
1429418053 89416.7
1429418093 89419
1429418113 89425.7
1429418133 89428.1
1429418143 89434.9
1429418153 89437.9
1429418173 89440.7
1429418273 89441.7
1429418303 89488.1
1429418313 89499.6
1429418363 89499.6
1429418413 89499.6
1429418443 89499.6
1429418463 89501.3
1429418473 89550
1429418483 89588.2
1429418493 89696.1
1429418503 89767.5
1429418513 89840.1
1429418533 89912.2
1429418535 89944.2
1429418537 89953.2
1429418547 90033.7
1429418557 90145.6
1429418567 90268.2
1429418577 90358.2
1429418580 90372.9
1429418590 90439.7
1429418600 90451.1
1429418624 90451.3
1429418634 90465.1
1429418644 90499.3
1429418654 90571.4
1429418664 90629
1429418668 90648.7
1429418678 90738.3
1429418688 90831.6
1429418697 90880.1
1429418699 90890.7
1429418711 90934.9
1429418731 90937.1
1429418751 90937.1
1429418781 90937.1
1429418801 90976.3
1429418811 91099.6
1429418821 91239.8
1429418831 91305.9
1429418841 91308.5
1429418845 91317.3
1429418846 91322
1429418856 91372.8
1429418866 91416
1429418875 91436.2
1429418885 91519.5
1429418895 91551.7
1429418905 91552.5
1429418915 91552.5
1429418935 91552.5
1429418955 91552.5
1429418975 91552.5
1429419005 91562.9
1429419015 91605.1
1429419025 91719.6
1429419035 91850.2
1429419045 91973.5
1429419055 92077.7
1429419065 92154.5
1429419075 92230.4
1429419085 92282.5
1429419089 92296.3
1429419093 92319.2
1429419103 92394.1
1429419113 92463.6
1429419123 92487
1429419133 92503.3
1429419143 92554
1429419146 92588.7
1429419156 92682.2
1429419166 92743.9
1429419176 92817.9
1429419186 92910.2
1429419196 93008.4
1429419206 93090.6
1429419216 93186.3
1429419226 93297
1429419236 93392.3
1429419246 93442.8
1429419256 93449.9
1429419266 93461.1
1429419276 93507.8
1429419286 93582.1
1429419296 93626.2
1429419306 93635.3
1429419356 93635.9
1429419366 93637.7
1429419376 93674.5
1429419379 93701
1429419381 93713.5
1429419391 93809.7
1429419401 93897.5
1429419411 93979.4
1429419421 94098.4
1429419424 94133
1429419425 94143.3
1429419435 94220.7
1429419445 94267.4
1429419454 94268
1429419464 94268.5
1429419474 94333.7
1429419476 94343.1
1429419478 94349.5
1429419488 94409.7
1429419498 94439.1
1429419508 94448.6
1429419514 94465.6
1429419524 94573.4
1429419534 94687.1
1429419544 94700.2
1429419554 94711.2
1429419564 94809.3
1429419574 94952.7
1429419584 95023.1
1429419594 95163.8
1429419604 95345.2
1429419614 95504.2
1429419624 95640.4
1429419634 95708.4
1429419644 95845.7
1429419654 95895.3
1429419664 95898.3
1429419684 95898.3
1429419714 95901.5
1429419722 95936.3
1429419724 95960.5
1429419725 95966.5
1429419735 96061.5
1429419745 96138.7
1429419755 96171.1
1429419765 96191.1
1429419775 96235.4
1429419776 96241.9
1429419777 96250.8
1429419779 96267.6
1429419780 96276.1
1429419784 96310.7
1429419793 96379.6
1429419795 96396.9
1429419798 96428.9
1429419799 96439.4
1429419801 96458.2
1429419802 96466
1429419803 96472.6
1429419804 96478.7
1429419807 96495.2
1429419808 96500.2
1429419815 96535
1429419818 96550.4
1429419820 96558.1
1429419821 96562
1429419831 96610.8
1429419840 96658.1
1429419850 96675.2
1429419860 96693.1
1429419861 96696.6
1429419864 96706.9
1429419874 96786.9
1429419884 96849.5
1429419894 96886.3
1429419896 96895.7
1429419897 96899.4
1429419907 96938.1
1429419917 96978.4
1429419927 97043.9
1429419937 97077.4
1429419947 97119.5
1429419957 97179.1
1429419967 97255.6
1429419977 97335.8
1429419987 97414.3
1429419997 97415
1429420007 97415
1429420017 97418
1429420027 97426.3
1429420033 97439.9
1429420034 97444.1
1429420044 97525.5
1429420054 97622.8
1429420064 97708.9
1429420074 97787.5
1429420084 97816.2
1429420094 97825.8
1429420104 97850.7
1429420114 97873.6
1429420124 97922.5
1429420134 97948.4
1429420144 98003.1
1429420154 98048.7
1429420164 98095.1
1429420174 98129.2
1429420176 98152.9
1429420180 98183.9
1429420190 98282.4
1429420200 98320
1429420220 98325.4
1429420230 98364.6
1429420240 98396.1
1429420250 98446.3
1429420260 98449.7
1429420340 98451.9
1429420380 98496.7
1429420390 98515
1429420400 98547.8
1429420409 98557.6
1429420419 98561.1
1429420429 98609.5
1429420439 98709.2
1429420449 98829.7
1429420454 98860.9
1429420456 98898.8
1429420466 98972.5
1429420476 99030.2
1429420486 99083.4
1429420496 99171.9
1429420506 99203.4
1429420516 99220.9
1429420526 99240
1429420536 99272.2
1429420546 99326.9
1429420556 99373.4
1429420566 99388.6
1429420576 99389.8
1429420586 99391.1
1429420596 99391.9
1429420616 99393
1429420666 99430.7
1429420676 99508.2
1429420686 99595.7
1429420696 99713.8
1429420706 99828.9
1429420716 100128
1429420726 100128
1429420736 100204
1429420743 100264
1429420745 100280
1429420755 100385
1429420765 100417
1429420775 100419
1429420785 100454
1429420793 100491
1429420799 100532
1429420809 100619
1429420819 100662
1429420848 100688
1429420858 100738
1429420868 100821
1429420878 100907
1429420888 100940
1429420898 100999
1429420909 101135
1429420919 101265
1429420923 101276
1429420926 101301
1429420936 101438
1429420946 101645
1429420956 101847
1429420966 101961
1429420976 101971
1429421007 102013
1429421012 102040
1429421022 102124
1429421032 102215
1429421042 102285
1429421052 102367
1429421061 102455
1429421062 102461
1429421072 102500
1429421082 102503
1429421092 102505
1429421102 102507
1429421112 102509
1429421122 102511
1429421132 102537
1429421142 102585
1429421152 102654
1429421162 102746
1429421172 102808
1429421182 102858
1429421192 102952
1429421202 103037
1429421212 103061
1429421222 103087
1429421232 103167
1429421242 103220
1429421252 103284
1429421262 103330
1429421265 103334
1429421275 103348
1429421285 103348
1429421294 103353
1429421296 103364
1429421304 103443
1429421309 103470
1429421319 103614
1429421329 103707
1429421339 103710
1429421349 103762
1429421359 103912
1429421369 104106
1429421379 104301
1429421389 104514
1429421399 104718
1429421409 104840
1429421419 104844
1429421429 104846
1429421439 104847
1429421469 104850
1429421479 104851
1429421489 104851
1429421509 104852
1429421519 104852
1429421539 104923
1429421549 105093
1429421559 105213
1429421569 105401
1429421579 105542
1429421589 105659
1429421599 105747
1429421609 105900
1429421619 105933
1429421629 106064
1429421639 106192
1429421649 106322
1429421659 106441
1429421669 106555
1429421679 106573
1429421683 106613
1429421687 106613
1429421691 106613
1429421694 106613
1429421697 106613
1429421700 106613
1429421710 106672
1429421720 106718
1429421730 106808
1429421740 106968
1429421750 107097
1429421760 107268
1429421770 107443
1429421780 107619
1429421790 107802
1429421800 107976
1429421810 108151
1429421820 108339
1429421830 108540
1429421840 108731
1429421850 108914
1429421860 109029
1429421868 109081
1429421870 109090
1429421880 109188
1429421891 109248
1429421899 109316
1429421900 109320
1429421902 109333
1429421912 109397
1429421922 109400
1429421925 109410
1429421935 109456
1429421936 109457
1429421946 109735
1429421950 109744
1429421960 109755
1429421970 109758
1429421982 109764
1429421987 109780
1429421997 109845
1429422007 109912
1429422011 110011
1429422013 110017
1429422017 110032
1429422027 110063
1429422037 110101
1429422047 110147
1429422055 110170
1429422065 110185
1429422085 110203
1429422095 110203
1429422105 110203
1429422106 110203
1429422116 110221
1429422120 110233
1429422123 110251
1429422133 110366
1429422143 110408
1429422153 110411
1429422163 110436
1429422173 110442
1429422183 110442
1429422192 110450
1429422196 110483
1429422199 110504
1429422209 110648
1429422219 110853
1429422229 111087
1429422249 111413
1429422259 111564
1429422260 111580
1429422270 111749
1429422272 111780
1429422273 111796
1429422283 111927
1429422293 112043
1429422313 112391
1429422323 112512
1429422325 112521
1429422335 112532
1429422355 112535
1429422375 112536
1429422415 112559
1429422425 112649
1429422435 112787
1429422445 112911
1429422455 112931
1429422465 112966
1429422475 113011
1429422480 113049
1429422483 113075
1429422489 113146
1429422490 113157
1429422495 113197
1429422497 113269
1429422499 113285
1429422509 113375
1429422519 113380
1429422529 113385
1429422539 113485
1429422549 113640
1429422559 113714
1429422569 113720
1429422579 113740
1429422588 113823
1429422598 113938
1429422608 114104
1429422618 114236
1429422628 114261
1429422638 114263
1429422658 114263
1429422678 114263
1429422688 114272
1429422698 114336
1429422708 114409
1429422718 114533
1429422728 114677
1429422738 114832
1429422748 115013
1429422758 115193
1429422768 115351
1429422778 115512
1429422788 115581
1429422798 115624
1429422808 115662
1429422818 115705
1429422828 115739
1429422838 115780
1429422848 115810
1429422858 115906
1429422868 115996
1429422878 116061
1429422888 116125
1429422898 116252
1429422908 116404
1429422918 116543
1429422928 116685
1429422938 116844
1429422948 117017
1429422958 117192
1429422968 117385
1429422978 117580
1429422988 117758
1429422998 117948
1429423008 118131
1429423018 118334
1429423028 118562
1429423038 118799
1429423048 119030
1429423058 119226
1429423068 119385
1429423078 119583
1429423088 119775
1429423098 119970
1429423108 120150
1429423118 120340
1429423128 120530
1429423138 120734
1429423148 120925
1429423158 121075
1429423166 121177
1429423167 121190
1429423177 121294
1429423187 121353
1429423197 121356
1429423217 121356
1429423237 121384
1429423247 121480
1429423257 121614
1429423267 121705
1429423277 121863
1429423287 121981
1429423297 122030
1429423307 122047
1429423317 122102
1429423327 122181
1429423337 122232
1429423347 122280
1429423352 122307
1429423362 122389
1429423372 122499
1429423382 122607
1429423392 122700
1429423402 122716
1429423432 122729
1429423442 122807
1429423452 122911
1429423462 123010
1429423472 123103
1429423482 123180
1429423492 123197
1429423512 123199
1429423532 123202
1429423542 123205
1429423550 123216
1429423553 123243
1429423573 123319
1429423583 123322
1429423593 123324
1429423599 123337
1429423609 123410
1429423619 123483
1429423629 123602
1429423639 123658
1429423649 123664
1429423653 123705
1429423657 123726
1429423667 123762
1429423685 123762
1429423695 123771
1429423702 123775
1429423708 123831
1429423716 123906
1429423726 123922
1429423736 123977
1429423746 124018
1429423756 124126
1429423763 124189
1429423767 124225
1429423777 124352
1429423787 124500
1429423797 124667
1429423807 124812
1429423817 124940
1429423827 125041
1429423837 125174
1429423847 125347
1429423857 125489
1429423867 125623
1429423877 125752
1429423887 125779
1429423907 125781
1429423947 125789
1429423957 125875
1429423967 126021
1429423977 126132
1429423987 126299
1429423997 126404
1429424007 126580
1429424017 126653
1429424027 126655
1429424057 126655
1429424067 126655
1429424077 126693
1429424087 126815
1429424097 126966
1429424107 127133
1429424117 127287
1429424127 127453
1429424137 127602
1429424147 127659
1429424157 127672
1429424167 127674
1429424187 127674
1429424197 127674
1429424207 127674
1429424213 127675
1429424216 127713
1429424220 127753
1429424230 127851
1429424240 127863
1429424250 127865
1429424260 127867
1429424267 127871
1429424271 127896
1429424281 127977
1429424291 128034
1429424301 128102
1429424311 128182
1429424318 128256
1429424322 128281
1429424325 128307
1429424328 128342
1429424334 128391
1429424337 128404
1429424340 128421
1429424342 128431
1429424352 128611
1429424362 128708
1429424372 128731
1429424382 128732
1429424392 128734
1429424408 128748
1429424418 128766
1429424438 128769
1429424447 128818
1429424449 128833
1429424459 128916
1429424469 129016
1429424472 129036
1429424474 129036
1429424476 129036
1429424486 129170
1429424496 129280
1429424499 129280
1429424500 129280
1429424504 129280
1429424507 129280
1429424517 129435
1429424518 129436
1429424520 129439
1429424521 129445
1429424527 129524
1429424537 129585
1429424538 129593
1429424543 129630
1429424553 129662
1429424563 129667
1429424573 129673
1429424583 129676
1429424587 129684
1429424597 129776
1429424607 129880
1429424617 129992
1429424627 130121
1429424657 130193
1429424667 130215
1429424677 130240
1429424687 130254
1429424707 130263
1429424717 130300
1429424727 130315
1429424747 130316
1429424767 130330
1429424787 130332
1429424797 130337
1429424807 130343
1429424817 130355
1429424827 130355
1429424837 130355
1429424847 130355
1429424857 130355
1429424865 130364
1429424866 130370
1429424876 130378
1429424886 130391
1429424896 130391
1429424906 130391
1429424916 130391
1429424936 130391
1429424966 130414
1429424976 130439
1429424986 130455
1429424996 130458
1429425006 130458
1429425016 130458
1429425026 130458
1429425036 130458
1429425046 130458
1429425056 130460
1429425096 130460
1429425106 130460
1429425116 130460
1429425126 130460
1429425136 130481
1429425146 130525
1429425156 130589
1429425166 130660
1429425176 130720
1429425186 130754
1429425196 130796
1429425206 130916
1429425210 130945
1429425212 130949
1429425222 130954
1429425232 130955
1429425252 130957
1429425262 130957
1429425282 130973
1429425292 130975
1429425302 130976
1429425322 131011
1429425332 131127
1429425342 131229
1429425352 131246
1429425362 131292
1429425372 131371
1429425382 131404
1429425392 131449
1429425402 131511
1429425412 131594
1429425422 131665
1429425432 131732
1429425437 131774
1429425448 131783
1429425458 131807
1429425468 131840
1429425476 131866
1429425479 131893
1429425481 131908
1429425491 131994
1429425501 131997
1429425521 131999
1429425539 132018
1429425544 132031
1429425547 132051
1429425557 132170
1429425567 132194
1429425594 132219
1429425604 132303
1429425614 132308
1429425624 132308
1429425638 132308
1429425668 132339
1429425678 132470
1429425688 132608
1429425698 132626
1429425708 132628
1429425718 132628
1429425728 132629
1429425738 132629
1429425758 132647
1429425768 132727
1429425778 132898
1429425788 133074
1429425798 133204
1429425808 133373
1429425818 133454
1429425828 133459
1429425838 133490
1429425848 133535
1429425858 133553
1429425868 133558
1429425878 133578
1429425888 133579
1429425898 133579
1429425908 133591
1429425910 133598
1429425920 133651
1429425930 133678
1429425940 133687
1429425948 133718
1429425958 133747
1429425968 133747
1429425978 133747
1429425998 133747
1429426018 133747
1429426058 133765
1429426068 133791
1429426074 133819
1429426077 133841
1429426087 133906
1429426097 133914
1429426107 133919
1429426117 133961
1429426127 134001
1429426137 134098
1429426147 134179
1429426157 134317
1429426167 134382
1429426177 134528
1429426183 134582
1429426186 134642
1429426196 134760
1429426206 134799
1429426216 134886
1429426226 135025
1429426236 135165
1429426241 135243
1429426251 135427
1429426261 135626
1429426271 135836
1429426281 136059
1429426291 136279
1429426301 136492
1429426311 136642
1429426321 136745
1429426331 136942
1429426341 137149
1429426351 137359
1429426361 137555
1429426371 137775
1429426381 137824
1429426391 137961
1429426401 138154
1429426411 138325
1429426421 138473
1429426431 138640
1429426442 138814
1429426451 138955
1429426462 139093
1429426472 139302
1429426483 139540
1429426493 139729
1429426504 139927
1429426515 140147
1429426525 140344
1429426534 140473
1429426544 140547
1429426555 140651
1429426558 140686
1429426559 140698
1429426569 140809
1429426579 140860
1429426589 140889
1429426599 140920
1429426602 140929
1429426613 140972
1429426624 141038
1429426634 141118
1429426644 141211
1429426654 141267
1429426664 141314
1429426674 141322
1429426684 141352
1429426694 141379
1429426705 141424
1429426715 141458
1429426726 141478
1429426737 141497
1429426748 141511
1429426758 141530
1429426768 141574
1429426778 141603
1429426787 141642
1429426798 141671
1429426808 141698
1429426818 141721
1429426828 141748
1429426839 141770
1429426850 141802
1429426861 141839
1429426870 141872
1429426881 141914
1429426891 141960
1429426901 141978
1429426911 142002
1429426920 142027
1429426930 142053
1429426940 142065
1429426950 142093
1429426961 142126
1429426971 142146
1429426981 142169
1429426991 142237
1429427002 142410
1429427012 142543
1429427023 142632
1429427034 142698
1429427044 142756
1429427054 142821
1429427064 142920
1429427074 143001
1429427084 143041
1429427094 143128
1429427104 143190
1429427114 143240
1429427124 143247
1429427164 143278
1429427174 143284
1429427184 143319
1429427194 143420
1429427204 143475
1429427214 143546
1429427225 143625
1429427234 143664
1429427244 143715
1429427254 143760
1429427264 143803
1429427274 143841
1429427285 143857
1429427314 143875
1429427324 143910
1429427334 143946
1429427345 143998
1429427354 144042
1429427364 144096
1429427374 144132
1429427384 144166
1429427394 144214
1429427405 144266
1429427414 144324
1429427424 144420
1429427435 144506
1429427444 144548
1429427454 144581
1429427464 144664
1429427474 144784
1429427484 144916
1429427494 145072
1429427504 145215
1429427514 145335
1429427524 145464
1429427534 145579
1429427544 145704
1429427554 145848
1429427564 145975
1429427574 146106
1429427584 146203
1429427594 146277
1429427604 146377
1429427614 146428
1429427624 146478
1429427634 146512
1429427644 146541
1429427654 146580
1429427664 146632
1429427674 146720
1429427684 146792
1429427694 146874
1429427704 146934
1429427714 146944
1429427724 147023
1429427734 147110
1429427744 147174
1429427754 147246
1429427764 147286
1429427774 147324
1429427784 147357
1429427794 147372
1429427805 147410
1429427815 147446
1429427825 147494
1429427835 147556
1429427845 147651
1429427855 147765
1429427866 147908
1429427876 148061
1429427886 148210
1429427896 148358
1429427906 148473
1429427916 148597
1429427926 148740
1429427936 148893
1429427946 149030
1429427956 149197
1429427966 149355
1429427976 149515
1429427986 149674
1429427996 149771
1429428006 149828
1429428016 149893
1429428026 149949
1429428036 150013
1429428046 150068
1429428056 150123
1429428066 150159
1429428076 150206
1429428086 150246
1429428096 150272
1429428106 150319
1429428116 150353
1429428126 150384
1429428136 150408
1429428146 150437
1429428156 150482
1429428166 150526
1429428176 150580
1429428186 150643
1429428196 150734
1429428206 150860
1429428216 150962
1429428226 151023
1429428236 151106
1429428246 151179
1429428256 151286
1429428266 151384
1429428276 151474
1429428286 151576
1429428296 151663
1429428306 151753
1429428316 151845
1429428326 151967
1429428336 152087
1429428346 152212
1429428356 152341
1429428366 152473
1429428376 152604
1429428386 152769
1429428395 152929
1429428399 152998
1429428409 153162
1429428419 153331
1429428429 153515
1429428439 153699
1429428449 153870
1429428459 154048
1429428469 154236
1429428479 154431
1429428489 154631
1429428499 154812
1429428509 154986
1429428519 155120
1429428529 155285
1429428538 155401
1429428543 155463
1429428553 155615
1429428563 155764
1429428567 155874
1429428829 156458
1429428839 156629
1429428849 156801
1429428852 156835
1429428858 156903
1429428868 157042
1429428872 157097
1429428876 157154
1429428881 157213
1429428884 157249
1429428894 157272
1429428904 157273
1429428924 157274
1429428934 157282
1429428994 157284
1429429034 157284
1429429044 157285
1429429074 157294
1429429081 157310
1429429091 157333
1429429101 157343
1429429111 157354
1429429121 157362
1429429131 157365
1429429141 157366
1429429151 157366
1429429161 157366
1429429171 157412
1429429181 157595
1429429191 157595
1429429291 157595
1429429411 157595
1429429461 157595
1429429511 157595
1429429571 157595
1429429601 157595
1429429671 157595
1429429701 157595
1429429731 157595
1429429761 157595
1429429841 157595
1429429851 157595
1429429861 157595
1429429891 157595
1429429911 157595
1429429941 157595
1429429971 157595
1429430021 157595
1429430061 157595
1429430071 157595
1429430121 157595
1429430221 157595
1429430281 157595
1429430311 157595
1429430381 157595
1429430421 157595
1429430431 157595
1429430451 157595
1429430461 157595
1429430481 157595
1429430521 157595
1429430571 157595
1429430601 157595
1429430651 157595
1429430731 157595
1429430761 157595
1429430901 157595
1429431031 157595
1429431121 157595
1429431211 157595
1429431221 157595
1429431291 157595
1429431321 157595
1429431361 157595
1429431409 157595
1429431412 157604
1429431418 157644
1429431421 157667
1429431425 157700
1429431433 157752
1429431436 157752
1429431446 158092
1429431451 158130
1429431453 158141
1429431454 158149
1429431463 158238
1429431467 158318
1429431477 158429
1429431480 158452
1429431483 158489
1429431493 158638
1429431545 158848
1429431555 158857
1429431565 158866
1429431575 158872
1429431585 158881
1429431721 159174
1429431731 159280
1429431741 159363
1429431751 159424
1429431752 159439
1429431758 159534
1429431767 159682
1429431777 159869
1429431787 160072
1429431797 160269
1429431807 160469
1429431817 160662
1429431819 160700
1429431829 160894
1429431839 161089
1429431849 161280
1429431852 161335
1429431862 161513
1429431872 161690
1429431880 161813
1429431885 161895
1429431895 162090
1429431905 162296
1429431915 162505
1429431925 162701
1429431935 162865
1429431945 163080
1429431955 163301
1429431965 163522
1429431975 163720
1429431985 163797
1429431995 163810
1429432025 163823
1429432035 163853
1429432045 163894
1429432055 163920
1429432065 163950
1429432075 163977
1429432085 163985
1429432095 164020
1429432105 164056
1429432115 164092
1429432125 164114
1429432135 164146
1429432145 164156
1429432155 164159
1429432185 164165
1429432225 164169
1429432235 164218
1429432245 164303
1429432255 164376
1429432265 164428
1429432275 164472
1429432285 164516
1429432295 164548
1429432305 164553
1429432385 164571
1429432395 164641
1429432405 164731
1429432415 164865
1429432425 164946
1429432435 164957
1429432445 164968
1429432455 165032
1429432465 165085
1429432475 165130
1429432485 165166
1429432495 165207
1429432505 165234
1429432545 165235
1429432585 165268
1429432595 165274
1429432615 165282
1429432625 165341
1429432635 165406
1429432645 165499
1429432655 165617
1429432665 165791
1429432675 165946
1429432685 166066
1429432695 166198
1429432705 166331
1429432715 166500
1429432725 166690
1429432735 166839
1429432745 166876
1429432785 166876
1429432805 166893
1429432815 166992
1429432825 167163
1429432835 167265
1429432838 167278
1429432840 167303
1429432850 167347
1429432860 167356
1429432870 167360
1429432880 167366
1429432890 167419
1429432900 167545
1429432910 167709
1429432920 167811
1429432930 167938
1429432940 168064
1429432950 168164
1429432960 168278
1429432969 168352
1429432972 168359
1429432982 168359
1429432984 168359
1429432994 168359
1429432999 168359
1429433001 168359
1429433002 168359
1429433004 168359
1429433005 168359
1429433010 168359
1429433012 168359
1429433022 168359
1429433032 168359
1429433042 168359
1429433051 168359
1429433061 168359
1429433071 168359
1429433081 168359
1429433099 168359
1429433101 168359
1429433172 168536
1429433182 168540
1429433187 168540
1429433195 168541
1429433197 168549
1429433207 168611
1429433217 168670
1429433227 168675
1429433237 168677
1429433247 168679
1429433257 168680
1429433267 168681
1429433277 168682
1429433297 168684
1429433317 168684
1429433327 168686
1429433337 168755
1429433341 168760
1429433351 168866
1429433361 169031
1429433371 169210
1429433381 169351
1429433391 169470
1429433401 169585
1429433411 169691
1429433421 169773
1429433431 169867
1429433441 169957
1429433451 170094
1429433461 170194
1429433471 170200
1429433511 170200
1429433521 170201
1429433531 170204
1429433541 170207
1429433561 170212
1429433571 170267
1429433581 170350
1429433589 170412
1429433599 170455
1429433630 170469
1429433640 170522
1429433650 170586
1429433660 170645
1429433670 170722
1429433680 170799
1429433690 170858
1429433700 170860
1429433710 170864
1429433720 170922
1429433730 170983
1429433740 171097
1429433750 171246
1429433760 171352
1429433770 171352
1429433780 171352
1429433790 171352
1429433810 171352
1429433830 171363
1429433840 171437
1429433850 171527
1429433860 171589
1429433870 171666
1429433880 171772
1429433884 171800
1429433885 171807
1429433895 171857
1429433905 171860
1429433915 171912
1429433925 171989
1429433934 172076
1429433935 172081
1429433945 172292
1429433955 172375
1429433965 172413
1429433975 172488
1429433979 172615
1429433983 172636
1429433993 172727
1429434003 172751
1429434013 172764
1429434023 172772
1429434033 172797
1429434039 172829
1429434049 172937
1429434059 173066
1429434069 173202
1429434079 173290
1429434089 173303
1429434108 173331
1429434110 173359
1429434120 173438
1429434130 173545
1429434140 173618
1429434150 173624
1429434160 173627
1429434170 173641
1429434173 173664
1429434176 173687
1429434186 173793
1429434196 173805
1429434206 173839
1429434216 173855
1429434222 173900
1429434232 174007
1429434242 174020
1429434262 174030
1429434272 174113
1429434282 174210
1429434292 174253
1429434302 174259
1429434352 174268
1429434360 174313
1429434364 174337
1429434374 174458
1429434384 174645
1429434394 174818
1429434404 174865
1429434424 174865
1429434444 174865
1429434474 174890
1429434484 174984
1429434494 175163
1429434504 175360
1429434514 175454
1429434519 175497
1429434521 175560
1429434528 175611
1429434538 175723
1429434548 175869
1429434558 175987
1429434568 176157
1429434578 176266
1429434585 176286
1429434587 176295
1429434597 176355
1429434617 176357
1429434627 176410
1429434637 176522
1429434647 176553
1429434657 176594
1429434667 176723
1429434677 176876
1429434687 177016
1429434697 177122
1429434707 177152
1429434717 177265
1429434727 177366
1429434737 177372
1429434777 177405
1429434787 177522
1429434797 177604
1429434807 177621
1429434817 177720
1429434827 177854
1429434837 177925
1429434847 177950
1429434857 177967
1429434867 177990
1429434877 178059
1429434887 178181
1429434897 178296
1429434907 178372
1429434917 178423
1429434927 178457
1429434937 178523
1429434947 178646
1429434957 178766
1429434967 178874
1429434977 178986
1429434987 179090
1429434997 179193
1429435007 179274
1429435017 179330
1429435027 179349
1429435037 179374
1429435047 179414
1429435091 179426
1429435101 179511
1429435111 179636
1429435121 179752
1429435131 179766
1429435191 179770
1429435197 179811
1429435199 179823
1429435209 179924
1429435219 180029
1429435229 180117
1429435239 180195
1429435249 180248
1429435289 180253
1429435292 180286
1429435294 180298
1429435304 180405
1429435314 180536
1429435324 180655
1429435334 180784
1429435344 180918
1429435354 181062
1429435364 181151
1429435369 181163
1429435379 181256
1429435389 181275
1429435392 181292
1429435402 181416
1429435412 181590
1429435422 181778
1429435432 181912
1429435442 182088
1429435452 182275
1429435462 182454
1429435472 182575
1429435482 182661
1429435492 182791
1429435502 182953
1429435512 183072
1429435522 183088
1429435525 183129
1429435534 183207
1429435536 183228
1429435538 183248
1429435548 183309
1429435558 183310
1429435588 183344
1429435590 183351
1429435592 183368
1429435597 183422
1429435598 183434
1429435601 183468
1429435611 183554
1429435613 183563
1429435617 183579
1429435619 183590
1429435629 183635
1429435639 183724
1429435649 183800
1429435659 183803
1429435679 183858
1429435683 183885
1429435686 183926
1429435692 183990
1429435694 184017
1429435698 184071
1429435701 184104
1429435707 184141
1429435716 184162
1429435719 184182
1429435720 184190
1429435725 184238
1429435727 184262
1429435737 184390
1429435747 184550
1429435757 184733
1429435767 184931
1429435773 185021
1429435783 185080
1429435785 185087
1429435790 185115
1429435793 185140
1429435797 185172
1429435799 185179
1429435804 185214
1429435807 185242
1429435808 185249
1429435812 185390
1429435822 185458
1429435832 185499
1429435842 185508
1429435852 185510
1429435862 185510
1429435892 185510
1429435902 185513
1429435912 185513
1429435922 185513
1429435932 185513
1429435942 185513
1429435952 185513
1429435962 185513
1429435972 185528
1429435976 185585
1429435986 185687
1429435993 185728
1429436003 185833
1429436013 185867
1429436023 185872
1429436033 185922
1429436043 186065
1429436053 186212
1429436063 186377
1429436073 186454
1429436083 186462
1429436093 186468
1429436103 186506
1429436113 186574
1429436123 186690
1429436133 186801
1429436143 186872
1429436153 186893
1429436183 186919
1429436184 186923
1429436187 186943
1429436197 187003
1429436198 187014
1429436201 187065
1429436211 187147
1429436221 187222
1429436231 187287
1429436241 187287
1429436251 187287
1429436261 187299
1429436271 187299
1429436281 187300
1429436291 187307
1429436296 187316
1429436299 187334
1429436309 187429
1429436319 187528
1429436325 187603
1429436327 187610
1429436334 187665
1429436344 187707
1429436361 187724
1429436371 187798
1429436375 187818
1429436378 187842
1429436388 187973
1429436398 188080
1429436408 188091
1429436410 188099
1429436420 188153
1429436430 188159
1429436440 188201
1429436450 188224
1429436460 188225
1429436470 188234
1429436480 188235
1429436490 188236
1429436500 188238
1429436520 188239
1429436536 188253
1429436539 188279
1429436549 188398
1429436559 188561
1429436569 188695
1429436579 188780
1429436589 188863
1429436599 188871
1429436659 188877
1429436669 188888
1429436679 188900
1429436699 188907
1429436709 188912
1429436729 188912
1429436759 188922
1429436769 188936
1429436779 188959
1429436789 188973
1429436809 188981
1429436829 188982
1429436839 188983
1429436849 189006
1429436859 189060
1429436869 189123
1429436879 189171
1429436889 189191
1429436899 189219
1429436909 189268
1429436919 189335
1429436929 189431
1429436939 189516
1429436949 189519
1429436959 189523
1429436969 189608
1429436979 189740
1429436989 189828
1429436998 189891
1429437008 189984
1429437018 190054
1429437028 190062
1429437048 190066
1429437056 190097
1429437066 190187
1429437076 190238
1429437086 190240
1429437106 190275
1429437116 190306
1429437126 190420
1429437136 190556
1429437146 190633
1429437156 190657
1429437166 190734
1429437176 190861
1429437186 190952
1429437192 190976
1429437196 190993
1429437206 191067
1429437216 191142
1429437223 191154
1429437243 191174
1429437252 191238
1429437262 191303
1429437272 191358
1429437282 191407
1429437292 191437
1429437312 191470
1429437315 191478
1429437325 191518
1429437335 191573
1429437345 191661
1429437355 191670
1429437365 191676
1429437375 191731
1429437385 191794
1429437395 191821
1429437405 191829
1429437415 191847
1429437425 191852
1429437435 191885
1429437445 191923
1429437455 191994
1429437456 191998
1429437457 192004
1429437459 192014
1429437460 192022
1429437470 192073
1429437480 192140
1429437481 192145
1429437488 192199
1429437498 192299
1429437508 192474
1429437519 192678
1429437529 192701
1429437539 192777
1429437549 192813
1429437556 192907
1429437558 192922
1429437568 192997
1429437578 193052
1429437588 193084
1429437598 193155
1429437608 193203
1429437618 193209
1429437628 193218
1429437638 193219
1429437648 193220
1429437658 193232
1429437668 193285
1429437678 193348
1429437688 193374
1429437698 193374
1429437708 193374
1429437718 193374
1429437738 193374
1429437778 193374
1429437808 193374
1429437838 193374
1429437874 193387
1429437884 193459
1429437894 193512
1429437904 193593
1429437913 193661
1429437923 193738
1429437933 193814
1429437942 193871
1429437943 193874
1429437947 193927
1429437957 194014
1429437967 194169
1429437977 194201
1429437987 194326
1429437997 194438
1429438007 194557
1429438017 194628
1429438027 194669
1429438037 194703
1429438047 194767
1429438057 194847
1429438067 194944
1429438077 194996
1429438087 195052
1429438097 195093
1429438107 195132
1429438117 195195
1429438127 195242
1429438137 195298
1429438147 195367
1429438157 195453
1429438167 195531
1429438177 195601
1429438187 195682
1429438197 195734
1429438207 195755
1429438217 195762
1429438227 195815
1429438237 195862
1429438247 195902
1429438257 195936
1429438267 195978
1429438277 196024
1429438287 196062
1429438297 196107
1429438307 196146
1429438317 196182
1429438327 196219
1429438337 196264
1429438347 196324
1429438357 196367
1429438367 196420
1429438377 196484
1429438387 196563
1429438397 196642
1429438407 196741
1429438417 196877
1429438427 197068
1429438437 197284
1429438447 197480
1429438457 197646
1429438467 197826
1429438477 198024
1429438487 198233
1429438497 198427
1429438506 198595
1429438516 198705
1429438526 198825
1429438536 198887
1429438537 198900
1429438656 199251
1429438666 199392
1429438676 199494
1429438686 199631
1429438691 199692
1429438693 199704
1429438703 199819
1429438711 199913
1429438713 199929
1429438723 200052
1429438733 200185
1429438739 200249
1429438749 200374
1429438759 200525
1429438769 200663
1429438779 200787
1429438789 200887
1429438799 201039
1429438809 201194
1429438819 201298
1429438829 201305
1429438889 201324
1429438899 201395
1429438909 201463
1429438919 201531
1429438929 201574
1429438939 201651
1429438949 201764
1429438959 201878
1429438969 201970
1429438979 202024
1429439049 202032
1429439059 202077
1429439069 202155
1429439079 202292
1429439089 202373
1429439099 202433
1429439109 202468
1429439119 202480
1429439139 202734
1429439149 202749
1429439159 202751
1429439196 202752
1429439216 202752
1429439226 202752
1429439236 202752
1429439246 202752
1429439256 202752
1429439266 202752
1429439286 202752
1429439316 202752
1429439324 202800
1429439326 202813
1429439336 202841
1429439346 202854
1429439356 202910
1429439366 203023
1429439376 203119
1429439386 203131
1429439390 203145
1429439392 203179
1429439402 203257
1429439412 203339
1429439422 203411
1429439432 203489
1429439442 203578
1429439452 203663
1429439462 203758
1429439472 203801
1429439492 203803
1429439512 203805
1429439552 203808
1429439561 203828
1429439563 203837
1429439568 203879
1429439578 204004
1429439588 204093
1429439598 204149
1429439658 204171
1429439668 204299
1429439678 204436
1429439688 204591
1429439698 204758
1429439708 204900
1429439718 205018
1429439728 205133
1429439738 205194
1429439748 205317
1429439758 205462
1429439768 205612
1429439778 205638
1429439788 205738
1429439798 205778
1429439848 205847
1429439858 205945
1429439859 205959
1429440023 206188
1429440033 206398
1429440043 206518
1429440053 206613
1429440063 206625
1429440073 206648
1429440083 206735
1429440093 206872
1429440103 207025
1429440113 207167
1429440123 207322
1429440133 207450
1429440143 207577
1429440153 207699
1429440163 207838
1429440173 207992
1429440183 208127
1429440193 208234
1429440203 208355
1429440213 208472
1429440223 208486
1429440243 208497
1429440253 208516
1429440257 208532
1429440267 208595
1429440277 208694
1429440287 208798
1429440290 208831
1429440296 208889
1429440306 208929
1429440326 208931
1429440336 208945
1429440346 208990
1429440355 209015
1429440358 209036
1429440360 209053
1429440362 209071
1429440372 209104
1429440378 209162
1429440388 209208
1429440398 209210
1429440408 209252
1429440418 209337
1429440423 209364
1429440426 209383
1429440433 209450
1429440438 209510
1429440446 209610
1429440455 209736
1429440465 209895
1429440471 210025
1429440476 210120
1429440486 210272
1429440495 210335
1429440499 210393
1429440504 210477
1429440508 210543
1429440512 210608
1429440514 210642
1429440519 210720
1429440525 210813
1429440530 210888
1429440536 210982
1429440541 211063
1429440546 211143
1429440552 211230
1429440562 211391
1429440572 211558
1429440582 211739
1429440592 211925
1429440602 212109
1429440612 212293
1429440622 212467
1429440632 212647
1429440642 212841
1429440652 213040
1429440662 213237
1429440672 213423
1429440682 213610
1429440692 213797
1429440702 213978
1429440712 214014
1429440720 214132
1429440730 214269
1429440733 214319
1429440736 214364
1429440745 214501
1429440751 214590
1429440758 214698
1429440768 214856
1429440778 215024
1429440788 215157
1429440798 215336
1429440808 215540
1429440818 215732
1429440828 215862
1429440838 215905
1429440868 215927
1429440878 215997
1429440888 216087
1429440898 216228
1429440908 216375
1429440918 216566
1429440928 216749
1429440938 216882
1429440948 216955
1429440956 217107
1429440968 217267
1429440978 217435
1429440988 217556
1429440998 217579
1429441018 217634
1429441028 217763
1429441038 217891
1429441048 218008
1429441058 218147
1429441068 218248
1429441078 218261
1429441088 218267
1429441092 218283
1429441096 218309
1429441106 218397
1429441116 218493
1429441126 218572
1429441136 218605
1429441146 218661
1429441156 218767
1429441166 218897
1429441176 218976
1429441186 218985
1429441206 218987
1429441216 219012
1429441226 219094
1429441236 219210
1429441246 219280
1429441256 219296
1429441266 219323
1429441276 219361
1429441286 219429
1429441296 219439
1429441316 219466
1429441324 219498
1429441327 219528
1429441330 219543
1429441340 219548
1429441360 219633
1429441370 219767
1429441380 219864
1429441390 219870
1429441440 219884
1429441450 219975
1429441460 220101
1429441470 220199
1429441480 220339
1429441490 220481
1429441500 220616
1429441510 220775
1429441520 220886
1429441530 221005
1429441535 221034
1429441537 221061
1429441540 221079
1429441550 221179
1429441560 221287
1429441570 221369
1429441580 221468
1429441590 221566
1429441600 221576
1429441650 221596
1429441654 221614
1429441664 221705
1429441674 221841
1429441684 221981
1429441694 222070
1429441704 222082
1429441714 222085
1429441724 222105
1429441734 222134
1429441744 222156
1429441746 222165
1429441756 222249
1429441766 222299
1429441776 222363
1429441786 222442
1429441796 222539
1429441806 222646
1429441816 222739
1429441826 222749
1429441856 222795
1429441866 222885
1429441876 222921
1429441886 222947
1429441896 223024
1429441903 223068
1429441906 223110
1429441911 223151
1429441921 223264
1429441931 223376
1429441941 223500
1429441951 223616
1429441961 223641
1429441991 223643
1429442011 223654
1429442021 223672
1429442051 223679
1429442061 223714
1429442071 223734
1429442078 223767
1429442088 223869
1429442098 223995
1429442108 224114
1429442118 224213
1429442128 224267
1429442138 224289
1429442148 224309
1429442158 224343
1429442168 224397
1429442178 224458
1429442188 224546
1429442198 224622
1429442208 224675
1429442218 224696
1429442228 224702
1429442238 224752
1429442245 224825
1429442247 224839
1429442257 224969
1429442267 225115
1429442277 225206
1429442287 225312
1429442297 225447
1429442307 225605
1429442317 225769
1429442327 225943
1429442337 226111
1429442347 226280
1429442357 226426
1429442367 226521
1429442377 226618
1429442387 226758
1429442397 226889
1429442407 227033
1429442417 227221
1429442427 227390
1429442437 227573
1429442447 227737
1429442457 227887
1429442467 227976
1429442477 227983
1429442537 228020
1429442547 228117
1429442557 228259
1429442567 228420
1429442577 228585
1429442587 228741
1429442597 228792
1429442607 228828
1429442617 228941
1429442627 229081
1429442637 229212
1429442647 229357
1429442657 229505
1429442667 229526
1429442717 229526
1429442747 229528
1429442757 229552
1429442767 229599
1429442777 229629
1429442787 229757
1429442797 229847
1429442807 229965
1429442817 230096
1429442827 230238
1429442830 230276
1429442964 232921
1429442975 233021
1429442985 233168
1429442995 233352
1429443004 233393
1429443015 233592
1429443025 233760
1429443035 233782
1429443045 233839
1429443075 233839
1429443085 233856
1429443095 233963
1429443105 234057
1429443111 234100
1429443113 234123
1429443116 234147
1429443126 234231
1429443136 234239
1429443146 234245
1429443156 234322
1429443166 234460
1429443176 234567
1429443186 234600
1429443196 234727
1429443206 234841
1429443213 234868
1429443216 234899
1429443226 235030
1429443236 235180
1429443246 235258
1429443256 235272
1429443266 235336
1429443276 235471
1429443286 235590
1429443296 235776
1429443306 235948
1429443316 236058
1429443327 236232
1429443336 236391
1429443342 236462
1429443351 236558
1429443362 236687
1429443368 236745
1429443379 236801
1429443399 236803
1429443419 236806
1429443439 236816
1429443449 236881
1429443459 237014
1429443469 237140
1429443474 237180
1429443484 237185
1429443534 237246
1429443544 237371
1429443545 237388
1429443546 237406
1429443554 237535
1429443555 237552
1429443565 237718
1429443575 237819
1429443585 237946
1429443595 237974
1429443605 237974
1429443611 237974
1429443621 237974
1429443631 237974
1429443641 237974
1429443651 237995
1429443661 238003
1429443671 238003
1429443681 238036
1429443691 238118
1429443701 238240
1429443711 238370
1429443721 238494
1429443731 238591
1429443741 238602
1429443743 238612
1429443753 238676
1429443763 238738
1429443773 238748
1429443823 238757
1429443833 238846
1429443843 238894
1429443853 239002
1429443856 239036
1429443858 239047
1429443868 239145
1429443878 239236
1429443888 239337
1429443898 239459
1429443908 239560
1429443915 239596
1429443925 239687
1429443935 239833
1429443945 239943
1429443955 240098
1429443965 240124
1429444015 240124
1429444028 240153
1429444030 240160
1429444040 240247
1429444050 240343
1429444060 240438
1429444070 240457
1429444080 240459
1429444090 240515
1429444100 240620
1429444108 240694
1429444109 240702
1429444118 240755
1429444121 240784
1429444131 240888
1429444135 240905
1429444185 240909
1429444195 240960
1429444205 241052
1429444215 241099
1429444225 241112
1429444227 241134
1429444231 241155
1429444241 241207
1429444251 241229
1429444266 241233
1429444276 241293
1429444286 241391
1429444296 241497
1429444301 241522
1429444304 241548
1429444314 241634
1429444324 241723
1429444334 241760
1429444341 241803
1429444344 241824
1429444354 241911
1429444364 242000
1429444374 242056
1429444384 242106
1429444394 242215
1429444404 242333
1429444414 242428
1429444424 242457
1429444434 242468
1429444444 242500
1429444448 242515
1429444451 242531
1429444461 242634
1429444471 242741
1429444481 242759
1429444491 242788
1429444501 242875
1429444511 242970
1429444521 243055
1429444525 243073
1429444528 243114
1429444538 243198
1429444548 243353
1429444558 243525
1429444568 243649
1429444578 243712
1429444588 243718
1429444608 243720
1429444648 243722
1429444658 243784
1429444668 243897
1429444678 244042
1429444688 244182
1429444692 244214
1429444694 244226
1429444704 244319
1429444714 244334
1429444734 244337
1429444764 244344
1429444773 244376
1429444777 244401
1429444787 244509
1429444797 244653
1429444807 244818
1429444817 244961
1429444827 245074
1429444837 245155
1429444847 245228
1429444857 245301
1429444867 245392
1429444877 245527
1429444887 245654
1429444897 245786
1429444907 245910
1429444917 245983
1429444927 246011
1429444937 246111
1429444941 246131
1429444943 246160
1429444953 246279
1429444963 246339
1429444973 246457
1429444983 246528
1429444993 247035
1429444997 247035
1429444998 247035
1429445008 247035
1429445018 247035
1429445028 247035
1429445038 247035
1429445048 247121
1429445058 247133
1429445068 247134
1429445088 247134
1429445108 247137
1429445110 247144
1429445113 247165
1429445123 247267
1429445133 247359
1429445143 247463
1429445153 247544
1429445157 247591
1429445167 247690
1429445177 247822
1429445187 247917
1429445197 247922
1429445207 247940
1429445217 247952
1429445227 247964
1429445237 247965
1429445247 247965
1429445257 247966
1429445267 247967
1429445277 247967
1429445290 247977
1429445300 248024
1429445310 248180
1429445320 248233
1429445330 248370
1429445340 248508
1429445348 248583
1429445350 248625
1429445360 248717
1429445370 248837
1429445380 248966
1429445390 249073
1429445397 249119
1429445407 249203
1429445417 249326
1429445427 249421
1429445437 249427
1429445441 249445
1429445451 249535
1429445461 249625
1429445468 249665
1429445478 249790
1429445488 249910
1429445498 249977
1429445508 249981
1429445518 249985
1429445528 250028
1429445538 250136
1429445548 250176
1429445558 250179
1429445567 250206
1429445574 250233
1429445578 250272
1429445588 250385
1429445598 250452
1429445608 250452
1429445628 250463
1429445638 250563
1429445648 250739
1429445658 250901
1429445668 251091
1429445678 251296
1429445688 251460
1429445698 251528
1429445708 251528
1429445718 251528
1429445728 251528
1429445748 251528
1429445758 251528
1429445778 251528
1429445798 251528
1429445808 251585
1429445818 251715
1429445828 251872
1429445838 252018
1429445848 252183
1429445858 252362
1429445868 252538
1429445884 252811
1429445885 252823
1429445892 252888
1429445902 252900
1429445922 252900
1429445952 252900
1429445962 252900
1429445972 252915
1429445982 252981
1429445992 253127
1429446002 253298
1429446012 253450
1429446022 253558
1429446032 253628
1429446042 253645
1429446052 253681
1429446059 253731
1429446064 253760
1429446074 253855
1429446084 254007
1429446088 254096
1429446091 254123
1429446092 254141
1429446102 254315
1429446112 254449
1429446132 254469
1429446172 254483
1429446182 254541
1429446192 254627
1429446202 254750
1429446212 254773
1429446232 254787
1429446242 254880
1429446252 254971
1429446262 255010
1429446272 255117
1429446282 255268
1429446292 255439
1429446302 255615
1429446312 255707
1429446322 255713
1429446382 255737
1429446412 255752
1429446415 255783
1429446425 255878
1429446435 255971
1429446445 256045
1429446455 256046
1429446475 256049
1429446495 256059
1429446505 256165
1429446515 256336
1429446525 256428
1429446535 256436
1429446565 256469
1429446575 256592
1429446585 256661
1429446605 256703
1429446608 256723
1429446618 256795
1429446628 256907
1429446638 257014
1429446648 257087
1429446658 257117
1429446678 257155
1429446688 257238
1429446698 257369
1429446702 257430
1429446712 257573
1429446722 257713
1429446723 257725
1429446727 257771
1429446728 257781
1429446738 257837
1429446748 257914
1429446758 257947
1429446768 257988
1429446778 258045
1429446788 258057
1429446795 258114
1429446805 258241
1429446815 258321
1429446825 258355
1429446865 258373
1429446875 258431
1429446880 258460
1429446881 258463
1429446891 258615
1429446901 258787
1429446911 258926
1429446921 258964
1429446941 258973
1429446951 259071
1429446961 259234
1429446971 259412
1429446981 259547
1429446984 259568
1429446986 259602
1429446996 259674
1429447006 259752
1429447016 259878
1429447026 260032
1429447036 260155
1429447038 260187
1429447048 260277
1429447058 260375
1429447068 260507
1429447078 260602
1429447083 260638
1429447085 260686
1429447095 260794
1429447105 260916
1429447115 261015
1429447125 261114
1429447135 261242
1429447145 261370
1429447155 261457
1429447165 261511
1429447175 261524
1429447185 261597
1429447195 261662
1429447205 261746
1429447215 261813
1429447225 261857
1429447235 261919
1429447245 262051
1429447255 262215
1429447265 262322
1429447275 262358
1429447335 262425
1429447345 262554
1429447355 262614
1429447365 262672
1429447375 262753
1429447385 262870
1429447395 263019
1429447405 263180
1429447415 263359
1429447425 263537
1429447435 263645
1429447445 263654
1429447515 263699
1429447525 263822
1429447535 263937
1429447545 264010
1429447555 264115
1429447565 264225
1429447575 264364
1429447585 264421
1429447665 264428
1429447675 264533
1429447685 264687
1429447695 264812
1429447705 264876
1429447715 264901
1429447717 264910
1429447727 264951
1429447757 265022
1429447767 265138
1429447777 265252
1429447787 265365
1429447797 265517
1429447806 265620
1429447808 265668
1429447818 265759
1429447828 265856
1429447838 265934
1429447848 266026
1429447858 266087
1429447868 266195
1429447878 266314
1429447888 266446
1429447898 266588
1429447908 266724
1429447918 266861
1429447928 266942
1429447938 266951
1429447958 267008
1429447968 267121
1429447978 267257
1429447988 267407
1429447998 267553
1429448008 267653
1429448018 267672
1429448028 267690
1429448038 267729
1429448040 267745
1429448050 267786
1429448060 267811
1429448068 267873
1429448071 267893
1429448073 267908
1429448074 267915
1429448084 268008
1429448094 268114
1429448104 268195
1429448114 268209
1429448124 268212
1429448134 268266
1429448144 268364
1429448154 268465
1429448163 268534
1429448165 268547
1429448168 268612
1429448178 268721
1429448188 268742
1429448198 268773
1429448201 268794
1429448202 268799
1429448212 268856
1429448222 268940
1429448232 269038
1429448242 269145
1429448252 269224
1429448262 269246
1429448299 269265
1429448301 269295
1429448303 269309
1429448313 269410
1429448323 269520
1429448333 269634
1429448343 269790
1429448353 269936
1429448363 270007
1429448373 270114
1429448383 270233
1429448393 270379
1429448403 270526
1429448413 270610
1429448423 270616
1429448493 270618
1429448523 270634
1429448531 270645
1429448535 270655
1429448537 270665
1429448547 270750
1429448557 270829
1429448558 270835
1429448561 270873
1429448563 270885
1429448573 270976
1429448579 271030
1429448582 271046
1429448584 271061
1429448594 271089
1429448604 271180
1429448614 271267
1429448624 271370
1429448629 271424
1429448639 271498
1429448649 271567
1429448659 271651
1429448669 271721
1429448679 271773
1429448682 271818
1429448692 271927
1429448702 272041
1429448712 272159
1429448722 272275
1429448732 272398
1429448742 272533
1429448752 272646
1429448762 272678
1429448772 272723
1429448778 272760
1429448781 272786
1429448791 272912
1429448801 273029
1429448811 273135
1429448821 273285
1429448831 273344
1429448871 273352
1429448878 273389
1429448883 273417
1429448893 273494
1429448903 273596
1429448913 273690
1429448923 273761
1429448933 273856
1429448943 273961
1429448953 274047
1429448962 274135
1429448972 274235
1429448982 274295
1429448992 274352
1429449002 274360
1429449057 274399
1429449060 274431
1429449070 274568
1429449080 274702
1429449090 274801
1429449100 274814
1429449129 274846
1429449139 274901
1429449149 274972
1429449159 275080
1429449169 275177
1429449179 275239
1429449189 275304
1429449199 275378
1429449209 275486
1429449219 275570
1429449229 275652
1429449239 275756
1429449249 275869
1429449259 275981
1429449269 276092
1429449279 276176
1429449289 276228
1429449299 276282
1429449306 276330
1429449316 276344
1429449326 276347
1429449335 276359
1429449337 276366
1429449344 276403
1429449349 276437
1429449359 276573
1429449369 276769
1429449379 276882
1429449389 276890
1429449399 276893
1429449429 276957
1429449439 277095
1429449449 277215
1429449459 277228
1429449469 277240
1429449479 277254
1429449489 277257
1429449499 277262
1429449509 277266
1429449519 277266
1429449528 277266
1429449538 277378
1429449548 277531
1429449558 277651
1429449568 277669
1429449578 277673
1429449588 277677
1429449598 277679
1429449608 277681
1429449618 277683
1429449628 277751
1429449638 277887
1429449648 277989
1429449658 278115
1429449668 278270
1429449680 278403
1429449690 278403
1429449700 278413
1429449710 278515
1429449713 278544
1429449714 278548
1429449715 278548
1429449716 278556
1429449726 278639
1429449736 278703
1429449739 278719
1429449742 278774
1429449752 278919
1429449762 279046
1429449772 279080
1429449782 279091
1429449792 279169
1429449802 279314
1429449812 279470
1429449822 279652
1429449832 279822
1429449842 279983
1429449852 280103
1429449862 280229
1429449872 280352
1429449882 280390
1429449892 280392
1429449912 280396
1429449917 280414
1429449918 280418
1429449928 280488
1429449938 280556
1429449948 280655
1429449956 280723
1429449958 280750
1429449972 280911
1429449982 281025
1429449992 281091
1429450002 281161
1429450012 281176
1429450042 281176
1429450052 281176
1429450065 281178
1429450075 281255
1429450085 281352
1429450095 281424
1429450103 281428
1429450113 281431
1429450121 281471
1429450131 281567
1429450141 281651
1429450151 281679
1429450161 281685
1429450171 281686
1429450181 281686
1429450221 281699
1429450231 281785
1429450232 281791
1429450242 281872
1429450252 281956
1429450258 281965
1429450268 281965
1429450278 282269
1429450288 282269
1429450298 282269
1429450308 282269
1429450318 282269
1429450321 282269
1429450331 282555
1429450341 282555
1429450351 282555
1429450391 282555
1429450401 282555
1429450404 282567
1429450414 282664
1429450424 282741
1429450434 282749
1429450454 282749
1429450474 282749
1429450489 282785
1429450491 282798
1429450501 282913
1429450511 283049
1429450521 283190
1429450531 283285
1429450541 283360
1429450551 283443
1429450561 283522
1429450571 283594
1429450581 283681
1429450591 283720
1429450601 283722
1429450611 283740
1429450621 283808
1429450631 283897
1429450641 283970
1429450649 284063
1429450659 284157
1429450666 284225
1429450667 284236
1429450677 284371
1429450687 284518
1429450697 284615
1429450707 284711
1429450717 284787
1429450727 284795
1429450747 284797
1429450777 284800
1429450787 284875
1429450797 284989
1429450807 285095
1429450817 285240
1429450827 285379
1429450836 285482
1429450838 285512
1429450839 285518
1429450849 285627
1429450859 285764
1429450869 285868
1429450879 285922
1429450885 285948
1429450888 285977
1429450891 285999
1429450901 286075
1429450911 286078
1429450941 286096
1429450951 286185
1429450961 286234
1429450971 286384
1429450981 286460
1429450991 286579
1429451001 286592
1429451021 286599
1429451028 286635
1429451031 286664
1429451032 286669
1429451042 286685
1429451052 286760
1429451062 286845
1429451072 286924
1429451082 287024
1429451092 287056
1429451102 287167
1429451112 287253
1429451122 287297
1429451123 287300
1429451133 287307
1429451137 287314
1429451147 287350
1429451157 287417
1429451167 287501
1429451177 287604
1429451187 287654
1429451197 287690
1429451207 287805
1429451217 287835
1429451247 287851
1429451257 287948
1429451267 288067
1429451277 288174
1429451284 288240
1429451286 288260
1429451296 288321
1429451301 288375
1429451303 288392
1429451304 288400
1429451309 288478
1429451310 288478
1429451318 288501
1429451328 288583
1429451338 288675
1429451348 288752
1429451358 288757
1429451378 288759
1429451398 288759
1429451408 288777
1429451413 288803
1429451414 288806
1429451424 288867
1429451434 288961
1429451444 288972
1429451454 289055
1429451464 289077
1429451474 289191
1429451481 289274
1429451486 289282
1429451487 289285
1429451490 289320
1429451495 289372
1429451505 289432
1429451515 289450
1429451525 289462
1429451530 289475
1429451540 289531
1429451550 289603
1429451560 289630
1429451570 289735
1429451576 289777
1429451578 289781
1429451580 289791
1429451590 289889
1429451600 289951
1429451610 289954
1429451620 289956
1429451630 289957
1429451640 289967
1429451650 290039
1429451660 290114
1429451670 290139
1429451680 290144
1429451690 290195
1429451698 290240
1429451700 290254
1429451710 290325
1429451720 290411
1429451730 290487
1429451740 290503
1429451750 290535
1429451760 290535
1429451770 290535
1429451780 290535
1429451790 290535
1429451800 290570
1429451805 290599
1429451815 290614
1429451825 290622
1429451835 290934
1429451842 290948
1429451843 290953
1429451853 291008
1429451863 291025
1429451873 291026
1429451883 291026
1429451893 291035
1429451900 291074
1429451910 291159
1429451920 291268
1429451930 291314
1429451940 291333
1429451950 291368
1429451960 291392
1429451969 291473
1429451979 291582
1429451989 291691
1429451999 291794
1429452009 291871
1429452019 291894
1429452049 291894
1429452059 291894
1429452079 291894
1429452119 291903
1429452129 291936
1429452139 291945
1429452141 291953
1429452143 291987
1429452153 292091
1429452163 292173
1429452173 292179
1429452183 292180
1429452193 292225
1429452203 292357
1429452213 292499
1429452223 292617
1429452233 292773
1429452243 292828
1429452253 292983
1429452263 293141
1429452273 293294
1429452283 293445
1429452293 293614
1429452303 293787
1429452313 293960
1429452323 294139
1429452333 294311
1429452343 294466
1429452353 294577
1429452363 294606
1429452413 294606
1429452443 294631
1429452453 294740
1429452463 294825
1429452473 294831
1429452632 294879
1429452642 294998
1429452652 295074
1429452672 295075
1429452682 295075
1429452732 295075
1429452742 295089
1429452752 295200
1429452759 295297
1429452760 295312
1429452770 295476
1429452780 295642
1429452790 295811
1429452800 295981
1429452810 296144
1429452820 296316
1429452821 296333
1429452920 296676
1429452930 296814
1429452940 296927
1429452950 296945
1429452970 296947
1429452980 297007
1429452990 297121
1429453000 297223
1429453010 297284
1429453040 297284
1429453046 297301
1429453049 297331
1429453059 297452
1429453069 297592
1429453079 297683
1429453082 297720
1429453092 297811
1429453102 297912
1429453112 298008
1429453122 298038
1429453128 298038
1429453138 298038
1429453148 298038
1429453158 298038
1429453178 298038
1429453198 298038
1429453208 298051
1429453213 298075
1429453215 298098
1429453225 298207
1429453235 298309
1429453245 298374
1429453253 298424
1429453263 298500
1429453273 298587
1429453283 298684
1429453293 298734
1429453303 298747
1429453353 298747
1429453363 298751
1429453463 298786
1429453473 298908
1429453483 298988
1429453501 299003
1429453511 299090
1429453521 299208
1429453531 299321
1429453541 299445
1429453551 299478
1429453552 299493
1429453651 301338
1429453661 301395
1429453671 301529
1429453681 301589
1429453691 301604
1429453711 301604
1429453721 301606
1429453731 301678
1429453741 301759
1429453751 301841
1429453761 301956
1429453771 302043
1429453781 302151
1429453791 302282
1429453801 302419
1429453811 302431
1429453821 302577
1429453831 302708
1429453841 302841
1429453850 302967
1429453860 303109
1429453870 303247
1429453871 303261
1429453872 303276
1429453878 303354
1429453883 303416
1429453893 303550
1429453903 303681
1429453913 303767
1429453917 303795
1429453918 303802
1429453921 303825
1429453931 303942
1429453941 304025
1429453951 304123
1429453961 304238
1429453971 304281
1429453996 304281
1429454036 304341
1429454046 304341
1429454052 304349
1429454062 304443
1429454072 304550
1429454082 304656
1429454092 304747
1429454102 304819
1429454107 304839
1429454110 304864
1429454120 304955
1429454130 305095
1429454140 305212
1429454150 305345
1429454160 305494
1429454170 305644
1429454180 305701
1429454190 305798
1429454200 305856
1429454210 305960
1429454220 306112
1429454230 306264
1429454240 306287
1429454260 306307
1429454270 306378
1429454280 306457
1429454290 306586
1429454300 306726
1429454310 306820
1429454320 306843
1429454330 306978
1429454340 307124
1429454350 307288
1429454360 307381
1429454370 307397
1429454410 307397
1429454450 307397
1429454460 307428
1429454470 307547
1429454480 307609
1429454500 307611
1429454600 307635
1429454635 307658
1429454640 307686
1429454650 307793
1429454660 307947
1429454670 308102
1429454680 308273
1429454690 308453
1429454700 308651
1429454710 308754
1429454720 308961
1429454730 309143
1429454740 309372
1429454750 309488
1429454760 309576
1429454770 309810
1429454780 309971
1429454790 310161
1429454800 310343
1429454810 310531
1429454820 310660
1429454830 310831
1429454840 310982
1429454850 311102
1429454853 311132
1429454863 311240
1429454873 311262
1429454883 311384
1429454893 311471
1429454903 311583
1429454913 311695
1429454923 311825
1429454933 311973
1429454943 312119
1429454953 312264
1429454963 312383
1429454973 312488
1429454983 312637
1429454993 312805
1429455003 312899
1429455013 312903
1429455063 312903
1429455073 312953
1429455083 313082
1429455093 313232
1429455103 313398
1429455113 313543
1429455123 313671
1429455133 313815
1429455143 313950
1429455153 314064
1429455163 314187
1429455173 314223
1429455180 314248
1429455190 314358
1429455200 314513
1429455210 314663
1429455220 314782
1429455230 314807
1429455260 314812
1429455270 314903
1429455280 315031
1429455290 315130
1429455292 315166
1429455299 315207
1429455309 315274
1429455311 315304
1429455314 315329
1429455324 315428
1429455334 315538
1429455344 315612
1429455354 315621
1429455367 315648
1429455377 315770
1429455387 315846
1429455397 315849
1429455427 315849
1429455437 315849
1429455447 315865
1429455450 315909
1429455453 315931
1429455463 316026
1429455473 316117
1429455483 316206
1429455493 316295
1429455503 316320
1429455553 316320
1429455599 316338
1429455601 316346
1429455603 316353
1429455604 316356
1429455614 316362
1429455617 316383
1429455627 316492
1429455637 316659
1429455647 316792
1429455657 316847
1429455667 316899
1429455677 316922
1429455678 316930
1429455688 317060
1429455698 317200
1429455703 317275
1429455707 317318
1429455717 317466
1429455727 317599
1429455737 317732
1429455747 317826
1429455757 317935
1429455767 318020
1429455777 318091
1429455787 318175
1429455797 318250
1429455807 318360
1429455817 318503
1429455827 318665
1429455831 318737
1429455832 318756
1429455842 318942
1429455852 319104
1429455862 319247
1429455872 319285
1429455882 319435
1429455892 319574
1429455912 319938
1429455922 320124
1429455932 320288
1429455942 320459
1429455952 320620
1429455962 320785
1429455972 320943
1429455982 321094
1429455992 321262
1429456002 321434
1429456012 321585
1429456022 321657
1429456082 321701
1429456092 321837
1429456102 322003
1429456112 322174
1429456122 322357
1429456132 322492
1429456142 322562
1429456152 322675
1429456162 322812
1429456172 322964
1429456182 323117
1429456192 323242
1429456212 323316
1429456242 323349
1429456252 323454
1429456272 323676
1429456282 323717
1429456322 323728
1429456326 323741
1429456327 323790
1429456329 323801
1429456339 323904
1429456349 323950
1429456359 323958
1429456362 323972
1429456364 323983
1429456374 324073
1429456380 324141
1429456381 324154
1429456391 324272
1429456401 324376
1429456411 324486
1429456421 324570
1429456425 324586
1429456427 324617
1429456436 324709
1429456446 324847
1429456456 324985
1429456466 325056
1429456476 325056
1429456486 325056
1429456499 325056
1429456509 325056
1429456523 325056
1429456533 325056
1429456543 325095
1429456553 325193
1429456563 325298
1429456573 325409
1429456583 325498
1429456585 325516
1429456587 325527
1429456597 325615
1429456607 325682
1429456617 325688
1429456627 325724
1429456630 325734
1429456640 325839
1429456650 325959
1429456660 326061
1429456669 326137
1429456671 326159
1429456681 326230
1429456691 326347
1429456693 326398
1429456695 326411
1429456705 326539
1429456715 326694
1429456725 326754
1429456765 326780
1429456775 326903
1429456785 327063
1429456795 327244
1429456805 327432
1429456815 327603
1429456825 327777
1429456835 327928
1429456845 328032
1429456855 328168
1429456865 328332
1429456875 328481
1429456885 328644
1429456895 328814
1429456905 328959
1429456915 329003
1429456935 329005
1429456945 329055
1429456955 329201
1429456965 329372
1429456975 329543
1429456985 329709
1429456995 329835
1429457005 329939
1429457015 330089
1429457025 330251
1429457035 330390
1429457045 330504
1429457055 330605
1429457065 330729
1429457075 330877
1429457085 331050
1429457095 331251
1429457105 331467
1429457115 331509
1429457125 331704
1429457135 331790
1429457145 331839
1429457165 331843
1429457175 331890
1429457185 332014
1429457195 332171
1429457205 332337
1429457215 332505
1429457225 332648
1429457235 332739
1429457245 332745
1429457275 332745
1429457285 332755
1429457287 332841
1429457289 332847
1429457290 332852
1429457310 332980
1429457320 333030
1429457330 333174
1429457340 333268
1429457349 333350
1429457351 333403
1429457354 333431
1429457364 333570
1429457374 333728
1429457380 333781
1429457382 333820
1429457392 333896
1429457398 333908
1429457409 333928
1429457419 333928
1429457429 333929
1429457439 333929
1429457449 333929
1429457469 333929
1429457509 333929
1429457529 333929
1429457539 333929
1429457549 333929
1429457559 333929
1429457562 333932
1429457564 333936
1429457574 333988
1429457577 333993
1429457579 334003
1429457580 334011
1429457590 334093
1429457595 334129
1429457599 334155
1429457603 334182
1429457613 334282
1429457623 334397
1429457633 334471
1429457643 334477
1429457663 334481
1429457667 334494
1429457669 334512
1429457679 334595
1429457689 334650
1429457699 334670
1429457709 334722
1429457719 334847
1429457729 334957
1429457739 334978
1429457749 335047
1429457759 335153
1429457769 335168
1429457819 335168
1429457829 335187
1429457836 335212
1429457839 335252
1429457849 335376
1429457859 335536
1429457869 335705
1429457879 335911
1429457889 336132
1429457899 336369
1429457909 336597
1429457919 336834
1429457929 337076
1429457939 337307
1429457949 337523
1429457959 337718
1429457969 337894
1429457978 337986
1429457988 338161
1429457995 338278
1429458001 338375
1429458007 338470
1429458009 338499
1429458014 338579
1429458024 338715
1429458034 338886
1429458044 339032
1429458054 339179
1429458064 339349
1429458074 339549
1429458084 339754
1429458094 339937
1429458096 339975
1429458106 340175
1429458109 340239
1429458119 340345
1429458129 340535
1429458139 340740
1429458149 340938
1429458159 341137
1429458169 341336
1429458179 341513
1429458189 341676
1429458199 341857
1429458209 341998
1429458219 342147
1429458229 342252
1429458239 342380
1429458249 342536
1429458259 342682
1429458266 342738
1429458269 342769
1429458279 342907
1429458289 343076
1429458299 343249
1429458309 343355
1429458319 343359
1429458369 343359
1429458389 343412
1429458399 343555
1429458409 343717
1429458419 343860
1429458429 343974
1429458439 344035
1429458449 344038
1429458509 344043
1429458519 344135
1429458529 344292
1429458539 344454
1429458549 344559
1429458559 344626
1429458579 344628
1429458599 344643
1429458609 344771
1429458619 344951
1429458629 345107
1429458636 345162
1429458638 345177
1429458648 345267
1429458659 345379
1429458668 345465
1429458678 345525
1429458688 345546
1429458698 345549
1429458758 345549
1429458960 345549
1429459050 345549
